-0.42, 0.03, 0.94, -3.624, 4.608, 5.882, 208.72, 330.09, -1046.49
-0.40, 0.04, 0.99, -3.929, 1.534, 2.708, 214.03, 321.21, -1068.65
-0.39, 0.03, 0.94, 4.967, -10.529, -0.137, 199.88, 321.21, -1051.61
-0.40, 0.04, 0.96, 4.646, -5.180, 3.418, 212.26, 308.79, -1066.94
-0.34, 0.06, 0.98, 5.264, -16.525, 3.159, 206.95, 324.76, -1065.24
-0.26, 0.02, 0.90, -8.881, -37.704, -1.053, 205.18, 372.68, -1077.17
-0.25, 0.03, 1.01, -5.753, -54.001, -6.744, 205.18, 372.68, -1077.17
-0.11, 0.01, 0.99, -4.471, -11.459, 0.084, 194.57, 450.77, -1053.31
-0.03, 0.02, 0.99, -2.464, -40.581, -3.128, 203.41, 505.78, -1034.56
0.17, -0.31, 0.54, 14.381, -72.998, 1.396, 196.34, 580.32, -1014.11
0.28, 0.06, 0.91, 9.254, -105.896, 0.648, 201.64, 692.12, -927.19
0.41, 0.00, 0.72, 19.829, -79.880, -14.084, 219.33, 791.50, -828.33
0.53, 0.10, 0.69, 8.224, -55.527, -9.354, 219.33, 791.50, -828.33
0.72, 0.23, 0.60, -14.046, -218.468, -18.814, 249.40, 835.87, -772.09
0.75, 0.08, 0.17, 1.534, -208.298, -14.267, 306.00, 917.50, -509.61
0.78, 0.19, -0.08, 4.349, -155.212, -8.476, 343.15, 890.88, -242.02
0.77, 0.19, -0.28, -9.224, -135.010, -1.434, 339.61, 809.25, -95.45
0.69, 0.24, -0.40, 35.072, -229.027, 3.845, 334.31, 665.50, 76.70
0.40, 0.13, -0.78, 30.235, -118.958, 16.594, 334.31, 665.50, 76.70
0.22, 0.14, -0.88, 1.816, -84.961, 17.242, 320.15, 509.33, 165.33
0.21, 0.14, -0.93, 3.418, -27.428, -16.129, 295.39, 399.30, 206.23
0.14, 0.24, -0.93, -73.273, 5.669, -94.925, 318.39, 354.93, 218.16
0.07, 0.28, -0.93, 40.154, -64.293, -27.061, 364.38, 315.89, 214.75
-0.03, 0.36, -0.97, -10.521, -27.390, 21.210, 364.38, 315.89, 214.75
-0.05, 0.25, -1.01, 40.817, -29.572, -4.517, 357.30, 269.75, 201.12
-0.05, 0.20, -1.08, 5.768, -21.965, 1.724, 323.69, 257.33, 230.09
-0.18, 0.10, -1.07, 32.715, -60.944, 4.318, 291.85, 218.28, 213.05
-0.23, 0.13, -1.02, -31.876, -119.476, 19.524, 256.48, 101.16, 192.60
-0.20, 0.20, -1.04, -20.638, -121.300, 19.531, 314.85, -3.55, 146.58
-0.62, 0.23, -0.74, -6.737, -123.276, 11.314, 314.85, -3.55, 146.58
-0.85, 0.25, -0.61, -1.518, -173.462, -8.278, 346.69, -134.87, 34.09
-1.04, 0.23, -0.32, -18.143, -189.240, -23.018, 336.07, -266.20, -126.12
-1.10, 0.15, -0.13, 12.901, -132.507, -26.665, 300.70, -301.69, -327.24
-1.18, 0.18, -0.18, 13.977, -136.604, 8.804, 283.01, -305.24, -463.59
-1.15, 0.22, 0.22, -18.684, -164.246, -3.700, 279.47, -259.10, -671.53
-1.02, 0.14, 0.51, 15.472, -83.855, -18.074, 279.47, -259.10, -671.53
-0.99, 0.12, 0.68, -6.073, -114.677, -23.956, 249.40, -161.49, -823.22
-0.83, 0.01, 0.87, -12.650, -134.567, -44.006, 252.94, -51.47, -945.93
-0.64, -0.01, 0.93, -6.538, -124.886, -3.586, 214.03, 72.76, -1014.11
-0.59, 0.03, 0.90, -9.346, -6.821, -2.426, 205.18, 212.96, -1036.27
-0.61, 0.02, 0.93, -2.266, 26.649, 1.854, 199.88, 207.64, -1055.01
-0.67, 0.01, 0.90, -1.701, 64.369, 3.822, 199.88, 207.64, -1055.01
-0.70, 0.02, 0.82, 0.732, 54.428, -2.502, 196.34, 136.65, -1024.33
-0.84, 0.03, 0.76, -6.348, 53.772, -1.999, 205.18, 63.89, -1005.59
-0.96, 0.04, 0.68, -6.607, 87.746, -3.883, 201.64, -10.65, -957.86
-1.05, 0.05, 0.54, -24.292, 102.860, -1.228, 205.18, -110.03, -882.87
-1.13, 0.01, 0.41, -12.825, 87.242, 5.356, 187.49, -223.61, -770.38
-1.18, 0.01, 0.25, 4.936, 105.850, 2.678, 187.49, -223.61, -770.38
-1.21, 0.02, 0.13, 2.197, 114.807, 7.935, 203.41, -260.88, -680.05
-1.23, 0.07, -0.12, 4.929, 126.770, 16.357, 205.18, -308.79, -552.22
-1.17, 0.05, -0.19, -1.541, 149.544, 38.376, 219.33, -298.14, -446.55
-1.11, 0.08, -0.39, -29.198, 175.697, 49.149, 263.55, -310.57, -284.63
-0.89, 0.20, -0.70, 20.485, 136.826, 18.982, 314.85, -234.26, -88.63
-0.83, 0.13, -0.76, 23.636, 25.749, -23.865, 314.85, -234.26, -88.63
-0.68, 0.18, -0.85, -20.950, 59.654, 10.841, 279.47, -181.02, 3.41
-0.54, 0.23, -0.84, -10.216, 73.212, -10.376, 306.00, -129.55, 63.06
-0.39, 0.16, -1.04, -2.571, 120.308, -18.074, 304.24, -35.49, 129.53
-0.04, 0.21, -0.91, 14.023, 98.434, -19.890, 353.76, 138.42, 194.30
0.07, 0.28, -0.78, -9.315, 148.117, 16.380, 369.68, 299.92, 213.05
0.27, 0.19, -0.85, 25.299, 130.417, 27.298, 369.68, 299.92, 213.05
0.42, 0.15, -0.77, 23.521, 92.087, 31.685, 337.84, 484.48, 178.96
0.56, 0.10, -0.67, 38.757, 151.443, 35.477, 302.47, 583.87, 141.46
0.73, 0.08, -0.55, 2.777, 83.252, 12.505, 275.93, 724.06, 30.68
0.79, 0.04, -0.42, 1.938, 70.114, 18.059, 261.78, 787.95, -61.36
0.93, 0.03, -0.22, -1.221, 83.351, 1.160, 249.40, 846.52, -144.87
0.88, 0.02, 0.05, -11.963, 103.691, 22.072, 249.40, 846.52, -144.87
0.82, -0.03, 0.29, -11.009, 72.998, 14.908, 226.41, 901.53, -293.15
0.82, -0.01, 0.49, 13.481, 96.787, 16.678, 196.34, 910.40, -427.80
0.70, -0.04, 0.42, 2.037, 48.965, 9.865, 192.80, 903.31, -567.56
0.81, -0.08, 0.70, -15.930, 52.818, 0.671, 160.96, 864.26, -642.55
0.41, -0.13, 0.45, 22.125, 106.445, -2.937, 171.57, 871.36, -693.68
0.48, 0.02, 0.78, 10.826, 67.230, -22.530, 171.57, 871.36, -693.68
0.34, 0.02, 0.82, 29.022, 65.819, -22.514, 222.87, 798.60, -801.06
0.34, 0.07, 0.86, 38.040, 34.119, 2.136, 242.33, 761.33, -867.53
0.28, 0.13, 0.94, -6.096, 17.326, 10.681, 263.55, 704.54, -908.44
0.29, 0.05, 0.91, -16.449, 27.344, 6.554, 242.33, 676.15, -928.89
0.05, 0.11, 0.97, -18.585, 50.034, -14.458, 233.48, 645.98, -968.09
-0.02, 0.06, 0.94, -9.850, 42.953, -10.139, 233.48, 645.98, -968.09
-0.21, 0.02, 0.90, -4.784, 55.328, -9.026, 235.25, 566.12, -1003.88
-0.17, 0.06, 1.01, 1.534, 60.661, -4.730, 238.79, 505.78, -1020.93
-0.28, 0.12, 1.05, -1.968, 97.252, 15.472, 251.17, 404.62, -1046.49
-0.40, 0.06, 0.96, -18.860, 83.656, -0.992, 233.48, 287.50, -1060.13
-0.62, 0.01, 0.92, -37.003, 120.079, 6.599, 203.41, 157.95, -1034.56
-0.77, -0.07, 0.83, -37.468, 96.382, 6.645, 203.41, 157.95, -1034.56
-0.84, -0.04, 0.75, -18.486, 95.940, -11.551, 166.27, 46.14, -1002.18
-0.94, -0.08, 0.61, -21.332, 103.882, 6.371, 141.50, -35.49, -934.00
-0.99, 0.02, 0.66, -37.392, 177.490, -6.516, 137.97, -113.58, -882.87
-1.06, 0.00, 0.34, -21.507, 185.249, 9.476, 145.04, -230.71, -709.02
-1.18, -0.04, 0.08, 3.365, 136.131, 13.504, 145.04, -230.71, -709.02
-1.08, 0.04, -0.08, -18.135, 32.860, 3.586, 152.12, -294.59, -548.81
-1.42, -0.02, -0.15, 8.194, -16.380, 19.577, 166.27, -308.79, -460.18
-1.26, 0.11, -0.29, 3.906, 65.598, 29.396, 187.49, -319.44, -443.14
-1.17, 0.03, -0.33, -12.779, 78.171, -7.759, 235.25, -299.92, -369.85
-1.10, 0.06, -0.47, -18.585, 66.727, -9.438, 229.95, -308.79, -248.84
-0.91, 0.06, -0.62, -41.077, 110.741, -30.380, 229.95, -308.79, -248.84
-0.83, 0.13, -0.75, -8.545, 66.536, 21.500, 210.49, -246.68, -127.83
-0.73, 0.12, -0.80, 0.847, 23.987, 16.350, 237.02, -195.21, -34.09
-0.77, 0.13, -0.82, 6.981, 26.665, 9.911, 265.32, -156.17, 23.86
-0.54, 0.11, -0.87, -9.453, 61.699, 21.095, 281.24, -115.35, 56.24
-0.44, 0.14, -0.97, 36.537, 85.098, -22.430, 295.39, -30.17, 134.65
-0.28, 0.12, -0.98, 7.584, 131.805, 0.740, 295.39, -30.17, 134.65
0.04, 0.08, -1.02, 11.490, 128.769, -3.815, 277.70, 108.25, 185.78
0.28, 0.11, -0.86, -6.004, 98.450, 7.477, 275.93, 276.85, 204.53
0.28, 0.13, -0.75, 5.074, 136.963, 6.439, 286.55, 415.27, 190.89
0.41, 0.13, -0.68, -0.862, 157.921, 15.053, 306.00, 583.87, 138.06
0.67, 0.12, -0.43, -19.653, 140.419, 15.900, 309.54, 715.19, 22.16
0.81, 0.08, -0.42, 53.360, 128.471, 21.729, 309.54, 715.19, 22.16
0.88, 0.03, -0.25, -18.555, 144.737, 21.965, 268.86, 834.09, -92.04
0.84, -0.02, 0.14, 5.432, 204.903, 42.694, 235.25, 885.56, -226.68
0.76, -0.17, 0.19, 17.365, 149.536, -15.007, 201.64, 915.73, -453.37
0.77, 0.04, 0.57, -0.565, 68.665, -19.409, 203.41, 896.21, -608.47
0.61, 0.01, 0.79, 9.346, 56.068, -3.159, 198.11, 866.04, -705.62
0.37, -0.03, 0.73, -18.852, 16.197, 0.557, 198.11, 866.04, -705.62
0.41, 0.16, 0.95, 39.650, 92.720, -34.660, 210.49, 835.87, -748.22
0.36, 0.19, 0.93, 23.460, 75.531, -6.653, 256.48, 761.33, -867.53
0.02, 0.22, 0.77, 11.551, 100.983, -61.531, 295.39, 676.15, -925.48
0.01, 0.22, 1.04, -41.512, 83.817, -14.549, 344.92, 573.22, -993.66
-0.16, 0.19, 0.97, -4.082, 89.081, -16.197, 320.15, 480.94, -1020.93
-0.24, 0.14, 0.99, 5.104, 92.216, -7.950, 320.15, 480.94, -1020.93
-0.46, 0.18, 0.97, 0.275, 78.629, -14.038, 327.23, 385.10, -1055.01
-0.58, 0.18, 0.93, -19.119, 57.281, -2.136, 321.92, 269.75, -1066.94
-0.68, 0.09, 0.84, -39.551, 43.465, -0.557, 293.62, 149.07, -1026.04
-0.71, 0.07, 0.85, -26.253, 1.450, 3.143, 229.95, 78.09, -1012.40
-0.72, 0.03, 0.84, 4.120, -122.581, 2.266, 222.87, 145.52, -1039.67
-0.55, 0.07, 0.95, -3.563, 5.470, -8.392, 222.87, 145.52, -1039.67
-0.48, 0.04, 1.00, -2.701, -86.731, 11.986, 217.56, 207.64, -1034.56
-0.25, 0.08, 1.11, -2.502, -140.137, 0.458, 222.87, 269.75, -1063.54
-0.14, 0.05, 1.05, -0.183, -49.461, -7.149, 203.41, 406.40, -1055.01
-0.05, 0.03, 1.02, -5.394, -64.438, -4.013, 205.18, 464.96, -1019.22
0.08, 0.01, 1.00, 0.969, -73.975, -11.024, 206.95, 580.32, -997.06
0.24, 0.00, 0.81, 8.041, -117.310, -12.405, 206.95, 580.32, -997.06
0.49, 0.10, 0.74, 6.172, -105.087, -18.135, 221.10, 718.74, -908.44
0.49, 0.16, 0.54, -21.751, -133.667, -20.493, 254.71, 827.00, -749.93
0.71, 0.12, 0.44, -11.818, -138.687, 5.867, 268.86, 897.98, -593.13
0.80, 0.19, 0.15, -7.843, -250.000, -16.586, 275.93, 922.83, -409.05
0.84, 0.09, -0.34, -1.457, -67.787, 6.477, 302.47, 828.77, -124.42
0.68, 0.08, -0.41, 9.590, -64.285, 4.738, 302.47, 828.77, -124.42
0.79, 0.14, -0.51, 25.146, -98.671, 1.770, 279.47, 780.85, -44.31
0.61, 0.02, -0.53, -8.904, -43.594, -26.718, 286.55, 713.42, 34.09
0.58, 0.09, -0.76, -6.203, -85.846, 20.576, 265.32, 642.43, 88.63
0.12, 0.12, -0.83, -19.218, -168.861, -47.134, 295.39, 459.64, 192.60
-0.29, 0.21, -0.93, -1.671, -198.280, -62.622, 325.46, 184.57, 201.12
-0.63, 0.09, -1.65, -81.177, -91.583, -12.161, 325.46, 184.57, 201.12
-0.66, 0.65, -0.44, -171.410, -52.444, -5.165, 323.69, -15.97, 151.69
-0.74, 0.34, -0.64, 133.751, -191.444, -95.047, 507.65, -79.86, 15.34
-0.71, 0.32, -0.79, 91.194, -8.652, -39.116, 406.83, -188.11, -68.18
-0.87, 0.15, -0.58, 49.622, -62.668, -41.725, 297.16, -255.55, -81.81
-0.96, 0.06, -0.43, 41.115, -74.661, 5.020, 242.33, -285.72, -185.78
-1.07, 0.10, -0.47, 32.845, -64.735, 6.699, 242.33, -285.72, -185.78
-1.09, 0.04, -0.23, 26.947, -75.127, -1.457, 242.33, -299.92, -298.27
-1.22, 0.08, -0.16, 18.089, -65.086, -28.114, 233.48, -312.34, -398.83
-1.13, -0.01, 0.05, -35.278, -82.390, 6.981, 196.34, -303.47, -519.84
-1.30, 0.16, -0.06, 35.599, -46.608, -69.504, 178.65, -289.27, -625.51
-1.12, -0.12, 0.30, -14.763, -73.990, -10.521, 148.58, -252.00, -709.02
-1.08, -0.26, 0.31, -5.402, -158.409, 36.880, 148.58, -252.00, -709.02
-1.07, -0.03, 0.70, 36.057, -197.433, 18.501, 125.59, -168.59, -812.99
-0.78, -0.05, 0.86, 27.557, -131.996, -2.365, 159.19, 3.55, -974.91
-0.45, 0.03, 0.97, -13.786, -26.749, -31.845, 176.88, 145.52, -1029.45
-0.42, 0.00, 1.04, 27.229, -93.452, -3.319, 173.34, 244.90, -1053.31
-0.42, -0.02, 0.96, -2.876, -24.719, -43.732, 215.79, 404.62, -1046.49
-0.05, 0.05, 0.94, 33.180, -148.048, -6.882, 215.79, 404.62, -1046.49
0.15, 0.08, 1.03, -5.577, -78.979, 25.688, 258.25, 518.20, -1036.27
0.12, 0.06, 0.94, -46.707, 62.263, 7.057, 237.02, 642.43, -961.27
0.03, -0.01, 0.97, -17.876, -70.030, 18.677, 198.11, 667.28, -947.64
0.27, 0.00, 0.87, -4.234, -28.038, -0.877, 187.49, 731.16, -872.64
0.28, 0.00, 0.91, -21.736, 144.196, -25.238, 187.49, 731.16, -872.64
0.09, -0.00, 1.02, -9.361, 45.105, -6.378, 198.11, 695.67, -930.59
-0.01, -0.03, 0.97, 0.000, 21.034, -4.807, 183.96, 564.34, -1009.00
-0.25, -0.05, 0.93, -5.440, 181.847, -30.800, 173.34, 539.50, -1019.22
-0.35, -0.02, 1.03, -2.861, 48.477, -2.365, 171.57, 353.16, -1065.24
-0.45, -0.05, 0.95, 2.014, 66.025, -16.533, 180.42, 273.30, -1060.13
-0.54, -0.03, 0.98, -2.693, 38.467, 5.524, 176.88, 170.37, -1026.04
-0.48, -0.05, 0.93, 3.769, -82.008, 41.145, 176.88, 170.37, -1026.04
-0.43, -0.05, 0.96, -8.522, 10.033, -5.737, 173.34, 244.90, -1056.72
-0.52, -0.03, 0.94, -4.356, 7.996, -0.603, 178.65, 267.97, -1058.42
-0.52, -0.03, 0.96, 0.610, -9.407, 2.060, 178.65, 250.23, -1068.65
-0.49, -0.01, 0.98, 2.876, -2.731, -4.562, 187.49, 269.75, -1056.72
-0.44, -0.01, 0.99, 1.366, -18.898, 6.302, 187.49, 273.30, -1043.08
-0.49, -0.03, 0.95, -2.800, -4.288, 7.980, 187.49, 273.30, -1043.08
-0.41, 0.00, 0.96, -1.892, -1.152, -0.130, 201.64, 294.59, -1053.31
-0.42, 0.02, 0.99, -6.691, 0.328, 0.496, 205.18, 308.79, -1053.31
-0.40, -0.01, 0.99, -5.302, -3.639, 2.960, 199.88, 299.92, -1044.79
-0.41, -0.01, 1.01, -4.211, 1.038, -0.198, 205.18, 312.34, -1056.72
-0.42, -0.02, 0.96, 9.033, -6.432, 1.793, 198.11, 308.79, -1063.54
-0.42, -0.00, 0.97, 0.519, -2.754, 1.617, 198.11, 308.79, -1063.54
-0.41, 0.03, 0.99, -3.952, -0.153, 0.801, 203.41, 321.21, -1034.56
-0.35, 0.01, 1.04, -4.799, 2.769, -1.862, 183.96, 301.69, -1036.27
-0.43, -0.02, 0.97, -3.517, -0.488, -6.058, 199.88, 314.12, -1048.20
-0.40, -0.02, 1.00, 0.359, 0.465, -1.663, 180.42, 337.19, -1070.35
-0.38, -0.02, 0.97, -7.233, -4.845, -9.338, 180.42, 337.19, -1070.35
-0.34, -0.02, 0.93, 6.760, -10.956, 9.018, 194.57, 330.09, -1066.94
-0.33, -0.00, 1.06, 3.471, -7.271, 10.010, 198.11, 333.64, -1056.72
-0.33, -0.01, 0.99, 4.906, -7.523, 2.365, 185.73, 342.51, -1061.83
-0.39, -0.03, 0.98, -0.916, 7.271, -5.836, 206.95, 356.71, -1061.83
-0.35, 0.00, 1.01, -0.023, 6.287, 0.366, 205.18, 340.74, -1070.35
-0.38, 0.01, 0.99, -7.553, 11.604, -7.545, 205.18, 340.74, -1070.35
-0.38, -0.00, 0.98, 0.641, -3.105, -5.096, 206.95, 338.96, -1058.42
-0.37, -0.01, 1.02, -3.059, -3.372, -2.335, 183.96, 330.09, -1063.54
-0.30, -0.01, 1.00, -12.215, -2.235, -3.357, 191.03, 347.83, -1060.13
-0.39, -0.05, 1.01, -33.348, 11.879, -9.285, 180.42, 347.83, -1053.31
-0.36, -0.14, 0.95, -23.926, -6.081, -22.636, 137.97, 333.64, -1063.54
-0.37, -0.19, 0.92, -55.984, 0.816, -17.921, 137.97, 333.64, -1063.54
-0.31, -0.23, 0.96, -62.233, -26.848, -12.901, 93.75, 331.86, -1041.38
-0.33, -0.52, 0.54, -50.117, -42.191, 4.570, 7.08, 337.19, -1022.63
-0.41, -0.45, 0.98, -26.932, -1.396, 18.974, -37.15, 370.91, -997.06
-0.31, -0.55, 0.95, -21.935, -21.843, -1.869, -72.52, 356.71, -986.84
-0.20, -0.57, 0.88, -71.548, -50.247, -27.321, -120.28, 401.07, -944.23
-0.10, -0.68, 0.71, -90.973, -16.861, 6.042, -120.28, 401.07, -944.23
-0.09, -0.74, 0.61, -77.377, -5.478, 3.006, -185.73, 456.09, -891.39
-0.05, -0.78, 0.51, -62.469, 2.884, -3.479, -270.63, 477.39, -799.36
0.00, -0.88, 0.39, -64.720, -3.342, -6.012, -284.78, 473.84, -717.55
-0.02, -0.88, 0.23, -55.656, -12.115, -5.531, -309.54, 509.33, -642.55
0.00, -0.91, 0.24, -33.180, 1.740, -7.622, -330.77, 516.43, -533.47
0.14, -0.94, 0.14, -43.777, -9.415, -14.854, -330.77, 516.43, -533.47
0.08, -1.01, -0.05, -27.603, 16.190, 2.380, -316.62, 537.72, -492.57
-0.09, -1.00, -0.09, -40.604, 19.432, 23.109, -327.23, 509.33, -431.21
-0.22, -0.91, -0.24, -6.058, 18.448, 16.205, -332.54, 464.96, -388.60
-0.03, -0.76, -0.11, -65.582, -12.939, -31.868, -351.99, 452.54, -380.08
-0.05, -0.95, -0.34, -117.569, 2.068, -21.469, -290.09, 422.37, -201.12
-0.09, -0.78, -0.47, -72.777, -8.865, -14.511, -290.09, 422.37, -201.12
-0.09, -0.76, -0.67, -35.301, 9.590, -28.702, -242.33, 448.99, -80.11
-0.08, -0.69, -0.72, -42.259, -9.750, -6.699, -196.34, 452.54, -35.79
-0.06, -0.68, -0.79, -35.370, -6.706, -10.704, -153.89, 459.64, 25.57
-0.12, -0.58, -0.78, -22.209, -14.153, -0.961, -123.82, 447.22, 54.54
-0.09, -0.46, -0.79, -50.728, 15.198, 3.357, -81.37, 429.47, 74.99
-0.01, -0.40, -0.88, -33.791, 0.374, -0.427, -81.37, 429.47, 74.99
-0.10, -0.45, -0.99, -81.184, -15.182, 2.335, -38.91, 450.77, 109.08
-0.17, -0.15, -0.92, -74.959, 13.039, -51.231, 44.22, 448.99, 148.28
-0.14, -0.03, -0.95, -37.254, -39.635, -39.894, 160.96, 463.19, 165.33
-0.10, -0.00, -0.91, -43.839, 17.891, -8.263, 245.86, 431.24, 196.00
-0.75, 0.04, -0.73, 18.288, -76.950, 6.447, 284.78, 420.60, 202.82
-0.43, 0.11, -1.19, -70.618, 30.296, 6.561, 284.78, 420.60, 202.82
-0.23, 0.16, -1.00, -92.880, 19.844, 5.394, 304.24, 372.68, 218.16
-0.29, 0.31, -0.90, -96.565, -2.930, 23.949, 410.36, 369.13, 211.34
-0.28, 0.40, -0.80, -109.840, 52.574, -9.941, 528.87, 385.10, 158.51
-0.29, 0.67, -0.75, -95.741, 16.068, 6.516, 647.38, 408.17, 92.04
-0.12, 0.82, -0.66, -116.074, 17.296, 16.670, 730.52, 452.54, -8.52
-0.23, 0.79, -0.56, -86.555, -9.079, -77.835, 730.52, 452.54, -8.52
-0.26, 0.90, -0.27, -77.042, 0.206, -56.229, 808.35, 427.70, -138.06
-0.33, 0.97, -0.10, -113.632, -30.472, -19.058, 854.34, 374.45, -240.32
-0.22, 0.88, 0.06, -81.230, -5.348, 28.786, 866.72, 358.48, -398.83
-0.16, 0.74, 0.22, -125.237, -46.425, 25.421, 866.72, 390.43, -504.50
-0.20, 0.68, 0.38, -118.271, -1.305, 4.402, 799.50, 386.88, -664.71
-0.26, 0.82, 0.56, -117.813, -30.190, 38.918, 799.50, 386.88, -664.71
-0.28, 0.96, 0.92, -188.599, -45.395, -14.572, 707.52, 411.72, -807.88
-0.21, 0.59, 0.98, -96.214, -5.295, -17.349, 550.10, 445.44, -945.93
-0.18, 0.56, 1.00, -85.419, 24.208, -18.044, 433.36, 456.09, -990.25
-0.24, 0.28, 1.03, -4.120, 27.405, 1.038, 359.07, 424.15, -1027.74
-0.31, 0.21, 0.97, -20.248, 10.651, -12.840, 346.69, 397.53, -1036.27
-0.35, 0.17, 0.97, -43.106, 6.943, -11.810, 346.69, 397.53, -1036.27
-0.34, 0.14, 1.02, -33.279, -6.477, 1.534, 297.16, 397.53, -1036.27
-0.24, 0.02, 0.99, -8.812, 14.244, -0.961, 240.56, 393.98, -1053.31
-0.29, 0.01, 1.00, 13.664, 1.160, 4.692, 222.87, 379.78, -1053.31
-0.34, 0.12, 1.04, 30.113, -10.803, 16.365, 238.79, 388.65, -1065.24
-0.32, 0.16, 1.03, 54.581, -14.214, 28.534, 302.47, 399.30, -1058.42
-0.20, 0.32, 0.95, 115.227, -4.204, 40.970, 302.47, 399.30, -1058.42
-0.22, 0.62, 0.79, 154.373, 28.755, 31.578, 436.90, 395.75, -993.66
-0.26, 0.88, 0.58, 178.131, 16.327, 28.549, 624.39, 402.85, -877.76
-0.23, 1.00, 0.28, 231.468, 26.871, 64.667, 774.74, 422.37, -695.39
-0.13, 1.13, -0.11, 164.009, 8.080, 31.868, 845.49, 475.61, -405.64
-0.05, 0.97, -0.33, 130.966, -7.065, 20.065, 811.88, 527.08, -213.05
-0.00, 0.89, -0.64, 125.038, -15.076, 31.265, 811.88, 527.08, -213.05
0.09, 0.64, -0.79, 162.727, -19.920, 1.045, 732.29, 518.20, -57.95
0.04, 0.26, -0.88, 208.672, -17.761, 13.977, 587.25, 511.10, 92.04
0.01, -0.16, -0.99, 249.992, -5.661, 46.890, 343.15, 468.51, 187.48
-0.12, -0.46, -0.54, 249.992, 49.644, 21.561, 0.00, 433.02, 129.53
-0.15, -0.83, -0.52, 188.927, 24.445, 25.513, -258.25, 464.96, -136.35
-0.29, -1.04, -0.24, 125.252, -3.899, 7.957, -258.25, 464.96, -136.35
-0.14, -1.07, 0.07, 184.937, -34.866, 1.297, -343.15, 436.57, -327.24
-0.13, -0.83, 0.20, 156.441, -47.478, -15.854, -344.92, 445.44, -547.11
-0.14, -0.69, 0.62, 149.864, -32.608, 29.869, -268.86, 457.86, -729.48
-0.15, -0.61, 0.86, 106.659, 20.317, 52.055, -173.34, 447.22, -872.64
-0.35, -0.48, 0.74, 99.915, 16.243, 35.858, -173.34, 447.22, -872.64
-0.26, -0.21, 0.97, 78.262, 3.357, 28.893, -97.28, 402.85, -973.20
-0.25, -0.14, 0.91, 54.604, 29.579, -4.082, 28.30, 362.03, -1005.59
-0.29, -0.03, 1.03, 54.222, 45.135, 19.478, 83.13, 356.71, -1034.56
-0.40, -0.03, 0.98, 14.725, 0.832, -13.359, 155.66, 319.44, -1056.72
-0.32, -0.01, 1.00, 61.989, -13.641, -44.563, 194.57, 322.99, -1053.31
-0.44, -0.00, 1.03, 34.546, -21.774, -59.616, 260.02, 314.12, -1068.65
-0.41, 0.17, 0.99, 15.602, -20.447, 1.175, 260.02, 314.12, -1068.65
-0.40, 0.16, 0.87, -30.418, -2.159, 0.580, 295.39, 314.12, -1055.01
-0.29, 0.06, 1.05, -1.106, -16.052, -26.215, 244.10, 315.89, -1043.08
-0.43, 0.06, 0.98, 41.351, 7.660, 34.691, 252.94, 328.31, -1055.01
-0.31, 0.24, 0.95, 29.114, -31.647, 17.677, 291.85, 328.31, -1058.42
-0.31, 0.31, 0.95, 14.252, 17.128, 10.635, 327.23, 331.86, -1048.20
-0.28, 0.41, 0.92, 31.746, 27.115, -1.305, 327.23, 331.86, -1048.20
-0.41, 0.37, 1.07, -16.365, 36.507, 22.926, 357.30, 344.29, -1036.27
-0.62, 0.28, 0.78, 95.894, -72.647, 25.002, 341.38, 303.47, -1051.61
-0.36, 0.58, 0.78, 53.421, -45.807, 26.611, 443.97, 310.57, -1020.93
-0.29, 0.67, 0.86, 59.830, -11.940, 20.164, 555.41, 358.48, -964.68
-0.31, 0.68, 0.78, 101.669, 7.393, 0.114, 619.08, 379.78, -896.51
-0.29, 0.79, 0.61, 84.335, 22.552, 21.790, 619.08, 379.78, -896.51
-0.27, 0.90, 0.45, 106.071, 24.422, 2.144, 732.29, 383.33, -797.65
-0.16, 0.95, 0.27, 125.778, 6.157, -18.806, 792.43, 369.13, -678.34
-0.23, 0.99, 0.12, 27.489, -5.051, -29.716, 856.10, 390.43, -541.99
-0.17, 0.95, -0.12, 47.516, 21.240, -23.972, 868.49, 346.06, -478.93
-0.29, 0.95, -0.12, 72.250, -5.783, 1.602, 868.49, 346.06, -478.93
-0.32, 1.03, -0.25, 89.417, -7.698, 4.150, 861.41, 356.71, -383.49
-0.31, 0.93, -0.38, 45.555, 27.069, 40.352, 856.10, 333.64, -248.84
-0.27, 1.00, -0.45, 12.688, 17.609, 29.358, 843.72, 409.95, -206.23
-0.05, 0.85, -0.52, 99.716, 1.945, 62.302, 804.81, 445.44, -158.51
-0.26, 0.79, -0.64, 137.970, 27.382, 63.324, 725.21, 511.10, -34.09
0.10, 0.55, -0.84, 92.003, -18.669, 1.625, 725.21, 511.10, -34.09
-0.08, 0.39, -0.92, 71.167, -30.388, -21.492, 606.70, 498.68, 76.70
-0.00, 0.32, -1.00, 74.829, 24.849, 19.318, 532.41, 466.74, 134.65
0.04, 0.07, -0.95, 54.329, 28.229, -0.404, 420.98, 472.06, 170.44
-0.03, -0.03, -0.99, 50.308, 43.869, 28.633, 343.15, 504.01, 163.62
0.08, -0.08, -1.04, 33.096, 0.740, 30.312, 237.02, 539.50, 163.62
0.13, -0.28, -0.94, 116.783, 65.277, 32.936, 237.02, 539.50, 163.62
-0.02, -0.29, -0.75, 104.843, -45.303, 113.190, 152.12, 567.89, 109.08
0.00, -0.70, -0.71, 151.550, 62.271, -28.702, -33.61, 491.58, 80.11
0.07, -0.66, -0.47, 175.591, -0.679, 32.829, -173.34, 521.75, -71.58
-0.09, -0.94, -0.19, 178.078, 7.927, 26.787, -297.16, 504.01, -262.48
-0.07, -1.01, 0.07, 136.063, 19.783, 21.049, -330.77, 495.13, -444.84
-0.13, -0.83, 0.22, 116.409, -1.770, 15.015, -330.77, 495.13, -444.84
-0.15, -0.75, 0.46, 126.923, -17.601, 30.533, -323.69, 459.64, -622.10
-0.19, -0.64, 0.65, 119.499, -26.077, 42.320, -274.17, 402.85, -785.72
-0.27, -0.66, 0.80, 89.851, -19.913, 23.399, -171.57, 360.26, -901.62
-0.28, -0.52, 0.94, 84.114, -10.895, 39.871, -70.75, 337.19, -988.54
-0.40, -0.34, 0.95, 78.232, 9.819, 45.326, 19.46, 353.16, -1014.11
-0.50, -0.22, 1.13, 7.523, -13.252, -15.793, 19.46, 353.16, -1014.11
-0.24, -0.13, 1.03, 131.340, -57.343, -17.319, 76.06, 370.91, -1034.56
-0.21, 0.00, 1.07, 123.505, -28.206, 4.860, 185.73, 413.50, -1048.20
-0.20, 0.46, 1.03, 118.729, 1.076, -20.805, 357.30, 457.86, -1019.22
-0.29, 0.58, 0.98, 68.687, 10.620, 3.601, 505.88, 475.61, -957.86
-0.17, 0.50, 0.82, 40.123, 34.203, 10.788, 594.32, 461.41, -906.73
-0.44, 0.92, 0.86, 12.978, 44.365, -55.382, 629.70, 393.98, -882.87
-0.44, 0.87, 0.66, 18.028, -4.105, -20.332, 629.70, 393.98, -882.87
-0.24, 0.87, 0.68, 89.287, -49.294, 37.476, 659.77, 370.91, -867.53
-0.16, 0.81, 0.34, 108.627, -28.770, -21.294, 716.37, 445.44, -799.36
-0.13, 1.06, 0.53, 56.564, 24.536, 2.373, 792.43, 475.61, -681.75
-0.12, 1.11, 0.39, 58.220, 54.932, 3.494, 827.80, 472.06, -603.35
0.01, 1.05, 0.17, 58.434, 33.615, -0.259, 829.57, 480.94, -519.84
-0.12, 0.94, -0.05, 51.262, 18.349, 9.590, 829.57, 480.94, -519.84
0.04, 1.00, -0.08, 66.666, -24.353, 47.806, 841.95, 489.81, -460.18
0.07, 1.10, 0.06, 35.172, 5.913, 12.947, 838.42, 525.30, -412.46
-0.60, 1.39, 0.34, 30.235, -19.119, 78.705, 843.72, 519.98, -359.63
-0.18, 1.00, -0.78, 84.747, -21.210, -61.394, 810.12, 528.85, -255.66
0.04, 0.91, -0.26, 164.917, -20.638, 0.557, 799.50, 532.40, -187.48
-0.05, 0.72, -0.58, 76.859, 3.792, 5.524, 799.50, 532.40, -187.48
0.01, 0.74, -0.65, 79.346, -14.877, 13.229, 712.83, 527.08, -39.20
-0.01, 0.57, -0.70, 139.046, -18.860, 4.631, 658.00, 504.01, 37.50
-0.03, 0.32, -0.78, 142.517, -11.009, 11.513, 543.03, 502.23, 117.60
0.04, 0.10, -0.93, 120.094, -16.914, 15.221, 369.68, 470.29, 189.19
0.04, -0.09, -1.08, 131.516, 7.957, 0.084, 210.49, 459.64, 178.96
-0.05, -0.19, -0.88, 60.295, -3.288, 3.494, 210.49, 459.64, 178.96
0.03, -0.23, -0.85, 31.990, 17.494, 25.238, 139.74, 498.68, 161.92
0.05, -0.27, -0.88, -8.598, 1.831, 5.745, 97.28, 484.48, 138.06
0.03, -0.23, -0.88, -55.817, 7.507, -18.059, 107.90, 477.39, 151.69
-0.13, -0.13, -0.86, -121.796, 21.576, -5.867, 203.41, 466.74, 165.33
-0.15, 0.13, -0.92, -84.724, 0.931, 15.137, 329.00, 457.86, 177.26
-0.13, 0.25, -0.95, -43.312, -6.760, -4.517, 329.00, 457.86, 177.26
-0.14, 0.31, -1.09, -47.035, 7.729, -12.093, 385.60, 429.47, 187.48
-0.04, 0.40, -0.76, -41.077, 5.791, 6.218, 463.43, 454.32, 167.03
-0.07, 0.54, -0.72, -39.650, 16.891, 11.086, 516.49, 493.36, 115.90
0.01, 0.54, -0.80, -60.829, 7.729, 30.083, 566.02, 496.91, 102.26
-0.08, 0.63, -0.75, -70.213, 28.740, 14.412, 566.02, 496.91, 102.26
-0.23, 0.66, -0.73, -73.830, 28.580, 9.331, 617.32, 523.53, 63.06
-0.02, 0.78, -0.68, -64.758, 15.343, 25.574, 684.53, 566.12, -25.57
0.19, 0.89, -0.51, -52.979, 6.233, 22.697, 719.91, 587.42, -90.33
0.35, 0.96, -0.32, -15.076, -9.872, -17.303, 730.52, 626.46, -178.96
0.14, 0.95, -0.41, -72.533, 12.001, -40.207, 755.28, 615.81, -199.41
0.02, 0.93, -0.22, -97.481, 37.544, -10.605, 795.96, 624.68, -320.42
-0.08, 0.79, 0.17, -105.644, 55.519, 26.390, 795.96, 624.68, -320.42
0.04, 0.92, 0.25, -144.447, 27.748, -63.591, 780.05, 633.56, -513.02
0.02, 0.80, 0.75, -180.374, 15.350, -83.206, 726.98, 580.32, -710.73
-0.17, 0.77, 1.02, -65.994, -67.513, -22.812, 603.16, 523.53, -891.39
-0.17, 0.59, 0.98, -137.947, 85.442, -30.655, 548.33, 507.56, -937.41
-0.25, 0.38, 0.93, -86.716, 6.599, -33.844, 548.33, 507.56, -937.41
-0.27, 0.21, 0.90, -94.170, -6.340, -37.766, 433.36, 427.70, -1014.11
-0.21, -0.00, 1.08, -67.604, -5.074, -12.962, 295.39, 409.95, -1037.97
-0.17, -0.03, 1.26, 18.433, -10.025, -2.129, 175.11, 399.30, -1061.83
-0.35, -0.08, 1.18, 3.342, -6.081, -10.994, 148.58, 411.72, -1046.49
-0.30, -0.05, 1.32, 24.658, 3.120, -0.504, 143.27, 413.50, -1044.79
-0.30, 0.02, 1.10, -8.095, 34.447, -2.975, 153.89, 402.85, -1048.20
-0.39, -0.06, 0.91, -12.634, 33.241, -2.716, 153.89, 402.85, -1048.20
-0.40, -0.04, 0.84, 9.636, -41.634, -21.118, 159.19, 365.58, -1046.49
-0.41, -0.08, 1.06, -8.080, 10.498, -7.912, 132.66, 353.16, -1051.61
-0.50, -0.05, 1.01, 11.696, -63.171, -18.387, 122.05, 360.26, -1051.61
-0.21, -0.13, 1.06, -9.407, -31.311, -17.731, 104.36, 378.00, -1044.79
-0.28, -0.19, 1.06, -58.250, -32.295, 15.900, 104.36, 431.24, -1027.74
-0.05, 0.13, 0.48, 14.191, -2.235, 9.735, 104.36, 431.24, -1027.74
-0.12, -0.26, 0.98, 6.256, -10.597, 0.244, 56.60, 457.86, -1022.63
-0.10, -0.25, 0.93, 21.317, -30.052, -3.197, 81.37, 454.32, -1026.04
-0.16, -0.17, 1.05, -14.641, -8.713, 3.700, 88.44, 479.16, -1015.81
-0.08, -0.15, 1.06, -6.187, 32.852, 2.487, 88.44, 468.51, -1012.40
-0.06, -0.14, 1.02, 23.094, 40.749, 0.183, 91.98, 404.62, -1043.08
-0.25, -0.14, 1.10, -1.877, 6.996, 2.640, 91.98, 404.62, -1043.08
-0.22, -0.15, 0.96, -8.247, 15.274, 0.374, 127.35, 386.88, -1046.49
-0.19, -0.13, 0.97, 3.647, 2.579, 14.984, 114.97, 392.20, -1034.56
-0.23, -0.11, 1.01, 4.631, -0.443, 6.950, 113.20, 404.62, -1046.49
-0.25, -0.11, 0.97, 0.290, -4.692, 4.890, 129.12, 385.10, -1041.38
-0.22, -0.12, 1.00, -2.853, -4.517, -9.865, 123.82, 383.33, -1049.90
-0.17, -0.14, 1.02, 9.842, 18.532, -37.247, 123.82, 383.33, -1049.90
-0.16, -0.12, 1.01, 14.664, 19.501, -9.499, 122.05, 402.85, -1051.61
-0.25, -0.05, 1.02, 10.994, 13.458, 3.799, 143.27, 363.81, -1051.61
-0.29, -0.04, 1.03, -2.892, 25.665, 26.619, 166.27, 372.68, -1053.31
-0.40, -0.04, 0.96, 64.835, -48.889, 98.099, 185.73, 367.36, -1061.83
-0.22, 0.03, 1.00, -3.525, -29.366, 107.338, 214.03, 413.50, -1048.20
-0.29, 0.05, 0.95, -36.888, -71.655, 131.607, 214.03, 413.50, -1048.20
-0.16, -0.01, 1.21, -25.200, -60.852, 122.665, 134.43, 472.06, -1046.49
-0.22, 0.25, 0.93, 79.002, -74.005, 170.105, 42.45, 472.06, -1015.81
-0.11, -0.03, 0.97, 58.891, -11.978, 102.631, 95.52, 461.41, -1015.81
-0.10, 0.10, 1.04, 8.354, 40.146, 79.826, 139.74, 441.89, -1044.79
-0.14, -0.09, 0.98, -47.310, 40.199, 73.395, 90.21, 367.36, -1034.56
-0.25, 0.05, 0.98, -1.793, 39.955, 136.757, 90.21, 367.36, -1034.56
-0.19, 0.20, 1.10, 2.327, -4.898, 107.414, 58.37, 282.17, -1058.42
-0.14, 0.20, 0.98, 8.469, 1.152, 12.848, 83.13, 236.03, -1048.20
-0.49, 0.24, 0.95, 77.362, 34.103, 151.566, 123.82, 220.06, -1053.31
-0.37, -0.06, 1.01, 40.909, 18.616, 122.505, 194.57, 195.21, -1060.13
-0.38, 0.17, 1.06, 129.509, 156.982, 217.308, 304.24, 99.38, -1019.22
-0.66, 0.05, 0.62, -55.222, 1.404, 58.182, 304.24, 99.38, -1019.22
-0.38, 0.39, 0.99, -67.802, -27.351, 62.866, 408.60, 83.41, -969.79
-0.06, 0.26, 0.98, -95.589, -35.553, 57.381, 353.76, 117.13, -1022.63
-0.16, 0.07, 1.05, -56.404, -4.875, 40.627, 265.32, 177.47, -1019.22
-0.24, -0.02, 1.00, -32.364, 10.208, 33.089, 215.79, 149.07, -1026.04
-0.31, 0.06, 0.96, -11.925, -25.978, 51.315, 205.18, 127.78, -1026.04
-0.34, -0.12, 1.07, -29.320, 11.032, 27.542, 205.18, 127.78, -1026.04
-0.30, -0.06, 0.98, 8.675, -50.529, 81.009, 189.26, 133.10, -1031.15
-0.20, -0.22, 1.05, 2.815, -32.936, 80.124, 199.88, 143.75, -1020.93
-0.28, -0.16, 0.96, -19.951, 8.064, 26.009, 206.95, 161.49, -1034.56
-0.31, -0.12, 0.88, 6.233, -12.863, 31.693, 196.34, 143.75, -1034.56
-0.14, 0.01, 1.14, 9.583, -32.402, 20.668, 221.10, 147.30, -1034.56
-0.42, -0.21, 0.85, 65.666, 1.846, 91.423, 221.10, 147.30, -1034.56
-0.36, 0.12, 1.01, 78.331, 0.809, 121.849, 274.17, 140.20, -1024.33
-0.37, 0.09, 0.98, 24.544, 5.112, 123.802, 369.68, 154.40, -1010.70
-0.32, 0.15, 0.91, -15.007, 2.106, 217.949, 428.05, 188.11, -981.73
-0.25, 0.07, 1.05, -84.114, 0.595, 149.841, 435.13, 248.45, -991.95
-0.23, -0.09, 1.07, -53.040, 5.577, 115.898, 367.91, 315.89, -1022.63
-0.24, -0.06, 0.97, 19.562, 30.334, 81.200, 367.91, 315.89, -1022.63
-0.39, 0.13, 1.01, -15.419, 43.274, 83.389, 329.00, 305.24, -1032.86
-0.53, 0.06, 1.02, -53.795, 46.547, 74.364, 341.38, 275.07, -1027.74
-0.40, 0.02, 0.94, -32.219, 43.427, 85.953, 313.08, 250.23, -1048.20
-0.38, -0.02, 0.94, -10.765, -53.101, 31.319, 295.39, 250.23, -1044.79
-0.44, 0.13, 1.24, -85.785, -213.692, 73.158, 263.55, 395.75, -1048.20
-0.00, -0.03, 1.22, -65.460, 106.537, 144.463, 263.55, 395.75, -1048.20
-0.06, -0.09, 1.07, 7.912, 68.382, 118.202, 141.50, 418.82, -1046.49
-0.19, 0.03, 0.85, 28.709, -3.601, 102.402, 141.50, 369.13, -1032.86
-0.15, -0.03, 1.03, -25.360, -59.647, 47.455, 166.27, 386.88, -1046.49
-0.30, 0.06, 0.99, 38.872, -74.608, 31.807, 168.04, 413.50, -1048.20
-0.10, 0.05, 1.08, -20.027, 73.967, 103.188, 171.57, 448.99, -1037.97
-0.32, 0.13, 0.92, 40.245, -17.616, 186.340, 171.57, 448.99, -1037.97
-0.28, -0.02, 1.01, -5.890, -3.738, 110.123, 136.20, 402.85, -1058.42
-0.25, 0.17, 0.97, 11.810, -3.448, 89.767, 168.04, 367.36, -1061.83
-0.07, 0.23, 0.96, -13.687, 14.107, 87.685, 171.57, 367.36, -1058.42
-0.16, -0.06, 0.99, 13.733, -4.463, 130.997, 129.12, 335.41, -1048.20
-0.07, 0.05, 1.07, 16.266, -16.968, 122.276, 143.27, 296.37, -1058.42
-0.08, 0.02, 1.06, 20.355, 5.898, 48.485, 143.27, 296.37, -1058.42
-0.13, 0.02, 1.15, 10.826, 11.284, 55.092, 196.34, 285.72, -1055.01
-0.33, 0.04, 0.86, -29.442, 16.144, 84.328, 192.80, 239.58, -1072.06
-0.09, 0.10, 0.99, -35.057, -1.114, 29.434, 205.18, 198.76, -1046.49
-0.16, 0.04, 0.99, 18.692, -11.139, -20.515, 185.73, 207.64, -1041.38
-0.11, 0.08, 0.95, -9.895, 3.876, -21.812, 180.42, 198.76, -1056.72
-0.18, 0.04, 1.04, -12.360, 18.326, -56.870, 180.42, 198.76, -1056.72
-0.30, -0.07, 0.98, 6.676, 3.670, -137.169, 155.66, 191.66, -1022.63
-0.09, 0.05, 0.99, 24.178, -48.508, -159.943, 127.35, 230.71, -1049.90
-0.32, 0.13, 0.97, 26.726, -41.466, -157.730, 109.67, 280.40, -1039.67
-0.10, 0.20, 1.03, -0.351, -11.833, -115.044, 141.50, 358.48, -1049.90
-0.09, 0.17, 0.99, 6.462, -3.731, -105.637, 141.50, 365.58, -1053.31
-0.17, 0.09, 1.00, 15.755, 5.379, -145.134, 141.50, 365.58, -1053.31
-0.15, 0.10, 0.98, 31.258, -27.748, -202.194, 169.81, 390.43, -1032.86
-0.13, 0.01, 1.06, 45.570, -23.376, -146.980, 206.95, 427.70, -1037.97
-0.08, 0.33, 1.15, 62.172, 0.832, -144.234, 261.78, 443.67, -1043.08
-0.22, 0.42, 0.88, 62.096, -9.850, -112.259, 378.53, 447.22, -1019.22
-0.32, 0.46, 0.83, 59.776, 30.853, -148.170, 544.79, 393.98, -978.32
-0.50, 0.39, 0.79, 6.195, 30.167, -92.422, 544.79, 393.98, -978.32
-0.58, 0.37, 0.76, -12.146, -0.969, -70.808, 589.01, 271.52, -922.07
-0.48, 0.27, 0.85, 1.648, -20.889, -76.027, 555.41, 195.21, -937.41
-0.57, 0.40, 0.93, 16.304, -25.375, -53.413, 525.34, 182.79, -949.34
-0.63, 0.38, 0.77, 0.069, 3.044, 11.742, 521.80, 115.35, -922.07
-0.77, 0.44, 1.16, -41.100, 20.813, -44.197, 512.96, 92.28, -920.37
-0.61, 0.13, 0.79, -122.253, -145.958, -133.331, 512.96, 92.28, -920.37
-0.54, 0.05, 0.98, -61.119, -120.773, -176.987, 374.99, 110.03, -1002.18
-0.82, -0.15, 1.04, 13.046, -92.178, -120.743, 229.95, 227.16, -1049.90
0.11, -0.57, 1.05, -25.093, -53.505, -84.084, 192.80, 342.51, -1037.97
0.10, -0.21, 0.94, -11.917, 58.929, -141.006, 166.27, 440.12, -1029.45
-0.13, -0.18, 0.93, -4.143, 48.706, -13.977, 157.42, 374.45, -1048.20
-0.11, -0.08, 0.96, 43.251, 15.167, -38.963, 157.42, 374.45, -1048.20
0.01, -0.02, 0.94, 50.461, 23.872, -93.590, 203.41, 321.21, -1058.42
0.21, -0.03, 0.95, 64.987, 8.568, -66.803, 267.09, 282.17, -1055.01
0.01, 0.20, 0.77, 85.335, 48.782, -82.001, 329.00, 266.20, -1019.22
0.00, 0.17, 0.75, -92.903, -68.558, -193.367, 410.36, 220.06, -1002.18
-0.08, 0.08, 0.99, -157.608, -91.423, -167.488, 270.63, 232.48, -1055.01
-0.26, 0.02, 1.15, -27.924, -8.263, -107.880, 270.63, 232.48, -1055.01
-0.20, 0.05, 1.04, -76.576, 3.143, -3.609, 178.65, 232.48, -1037.97
-0.26, 0.20, 0.99, -75.439, -35.255, -52.086, 155.66, 195.21, -1036.27
-0.18, -0.11, 0.97, 17.479, 14.221, -41.351, 91.98, 237.81, -1039.67
0.00, 0.01, 1.04, -23.331, -8.354, -40.031, 76.06, 246.68, -1024.33
-0.16, -0.15, 1.08, -40.375, 6.157, -65.804, 28.30, 283.95, -1049.90
0.04, -0.19, 1.09, -24.025, 33.920, -81.047, 28.30, 283.95, -1049.90
-0.08, -0.32, 0.98, -3.090, 55.298, -64.682, -28.30, 291.05, -1012.40
-0.03, -0.19, 1.01, 8.507, 44.701, -70.099, -33.61, 285.72, -1017.52
0.00, -0.09, 1.07, 8.553, 38.063, -53.093, -35.38, 308.79, -1009.00
-0.05, -0.14, 0.91, 7.591, 19.569, -36.751, -44.22, 292.82, -1014.11
-0.14, -0.10, 1.05, 50.362, 63.324, -27.603, -8.84, 275.07, -1027.74
-0.23, -0.02, 0.94, 39.398, -27.214, -28.267, -8.84, 275.07, -1027.74
-0.15, -0.02, 0.85, 31.265, -10.895, -18.135, 45.99, 298.14, -1049.90
-0.26, -0.02, 1.13, 3.471, 39.604, -36.209, 54.83, 338.96, -1048.20
-0.17, -0.02, 1.00, -29.167, 50.980, -49.072, 38.91, 259.10, -1029.45
-0.35, 0.17, 0.89, 150.955, 3.319, -237.709, 35.38, 241.35, -1019.22
-0.24, 0.01, 0.95, 2.609, -4.395, -157.784, 88.44, 305.24, -1046.49
-0.31, 0.02, 1.01, 24.445, -13.184, -96.848, 88.44, 305.24, -1046.49
-0.31, 0.04, 1.01, 49.591, 9.003, -46.120, 104.36, 356.71, -1024.33
-0.27, 0.25, 0.93, -0.778, 9.918, -37.079, 146.81, 378.00, -1044.79
-0.29, 0.04, 1.00, -9.850, 13.237, -50.262, 152.12, 372.68, -1039.67
-0.35, 0.02, 0.97, -4.143, 9.186, -71.548, 182.19, 378.00, -1041.38
-0.19, -0.11, 0.78, -4.219, 31.342, -75.783, 183.96, 354.93, -1046.49
-0.21, 0.25, 1.23, -14.290, 77.072, -19.096, 183.96, 354.93, -1046.49
-0.29, -0.01, 0.99, 36.774, -29.190, -39.558, 166.27, 362.03, -1063.54
-0.27, 0.02, 0.82, -7.019, 5.455, -152.863, 235.25, 388.65, -1044.79
-0.31, -0.17, 1.07, 71.396, -9.956, -209.579, 240.56, 408.17, -1056.72
-0.26, 0.00, 0.96, -13.847, 26.367, -90.340, 260.02, 367.36, -1044.79
-0.39, 0.05, 1.03, -29.419, 36.461, -67.078, 260.02, 367.36, -1044.79
-0.49, -0.23, 1.09, -41.801, 12.177, -31.219, 237.02, 358.48, -1046.49
-0.47, -0.09, 1.01, 17.181, 19.356, -4.440, 178.65, 299.92, -1055.01
-0.56, -0.03, 1.07, 148.056, 12.764, -34.142, 191.03, 269.75, -1043.08
-0.33, 0.09, 0.79, 33.646, -32.562, -186.417, 261.78, 234.26, -1036.27
-0.42, -0.12, 1.01, 18.547, 29.884, -78.110, 281.24, 253.78, -1037.97
-0.31, 0.11, 0.99, 28.664, -11.307, -231.628, 263.55, 200.54, -1024.33
-0.33, -0.02, 0.96, 52.185, -30.685, -187.363, 263.55, 200.54, -1024.33
-0.23, 0.01, 1.01, 57.793, 13.084, -88.745, 238.79, 232.48, -1041.38
-0.23, 0.04, 1.07, -3.326, 34.607, -54.436, 293.62, 223.61, -1043.08
-0.38, -0.03, 1.12, -24.338, 9.361, -86.502, 245.86, 165.04, -1037.97
-0.40, -0.06, 1.06, -20.256, -18.822, -55.527, 159.19, 149.07, -1029.45
-0.38, -0.04, 1.03, 5.714, 28.305, -0.198, 159.19, 149.07, -1029.45
-0.29, -0.05, 0.95, -35.019, 35.866, -52.002, 111.44, 161.49, -1017.52
-0.35, -0.18, 1.00, 57.106, 33.478, 11.444, 65.45, 111.80, -1000.47
-0.33, -0.17, 0.98, -6.485, -1.297, -0.923, 99.05, 88.73, -1015.81
-0.23, -0.19, 0.92, 27.519, 14.351, -23.857, 107.90, 140.20, -1031.15
-0.30, -0.09, 1.03, -4.242, 13.519, 16.487, 123.82, 156.17, -1019.22
-0.24, -0.09, 1.02, 7.584, 12.787, -3.754, 123.82, 156.17, -1019.22
-0.23, -0.13, 1.06, 22.987, 14.282, 5.997, 134.43, 191.66, -1046.49
-0.17, -0.04, 1.03, 16.342, 7.530, -19.669, 141.50, 188.11, -1029.45
0.01, -0.05, 0.97, -4.410, 16.731, -10.719, 141.50, 195.21, -1036.27
-0.34, -0.07, 1.06, -12.703, 25.970, -8.171, 153.89, 186.34, -1031.15
-0.22, 0.07, 1.08, 38.033, 4.257, 28.313, 164.50, 161.49, -1031.15
-0.32, 0.04, 1.06, 25.040, -5.440, 0.145, 164.50, 161.49, -1031.15
-0.24, -0.03, 1.01, -73.547, 14.267, -23.483, 237.02, 156.17, -1022.63
-0.30, -0.04, 1.03, -60.417, 11.520, -63.667, 162.73, 131.33, -1026.04
-0.31, -0.16, 0.93, 43.411, 15.671, -63.431, 65.45, 126.00, -997.06
-0.37, -0.11, 1.04, 3.731, -11.642, -120.018, 51.30, 129.55, -1010.70
-0.21, -0.09, 0.95, -12.634, -34.691, -41.275, 26.53, 193.44, -1027.74
-0.22, -0.17, 1.00, 26.230, -9.331, -0.496, 26.53, 193.44, -1027.74
-0.05, 0.02, 1.03, 23.026, 23.628, -22.430, 38.91, 223.61, -1036.27
-0.14, -0.09, 1.09, -3.647, 8.316, -30.708, 76.06, 211.19, -1034.56
-0.16, -0.05, 0.99, 14.114, 4.921, -49.385, 56.60, 223.61, -1019.22
-0.17, -0.02, 1.03, 4.883, 20.233, -48.134, 65.45, 225.38, -1034.56
-0.48, -0.06, 1.09, 36.934, 31.189, -39.772, 63.68, 220.06, -1046.49
-0.20, 0.04, 0.94, 45.380, 32.845, -28.923, 63.68, 220.06, -1046.49
-0.26, 0.07, 0.98, -7.080, 21.309, -32.555, 97.28, 204.09, -1037.97
-0.28, 0.10, 1.04, 18.440, -25.551, -69.519, 86.67, 196.99, -1037.97
-0.26, 0.16, 0.91, 28.908, 25.581, 27.336, 109.67, 223.61, -1039.67
-0.36, 0.12, 0.97, 8.812, 30.983, 24.872, 134.43, 181.02, -1022.63
-0.39, 0.17, 0.98, 15.701, 27.306, -1.297, 159.19, 113.58, -1012.40
-0.46, 0.16, 0.98, 10.727, 39.673, 7.156, 159.19, 113.58, -1012.40
-0.50, 0.21, 0.97, 13.435, 20.576, 16.594, 176.88, 106.48, -1019.22
-0.54, 0.29, 0.91, 36.430, 49.843, 29.884, 208.72, 85.18, -1005.59
-0.53, 0.31, 0.76, 5.432, 21.194, 26.100, 252.94, 33.72, -962.98
-0.62, 0.35, 0.86, 19.135, 45.891, 9.773, 293.62, 35.49, -957.86
-0.65, 0.40, 0.75, 40.924, 69.473, -17.159, 316.62, -40.82, -911.85
-0.61, 0.58, 0.70, 52.193, 90.950, 43.694, 316.62, -40.82, -911.85
-0.73, 0.66, 0.64, 31.227, 32.982, 22.171, 394.44, -90.51, -853.90
-0.73, 0.65, 0.57, 13.336, 65.689, 16.624, 449.28, -106.48, -790.83
-1.02, 0.53, 0.56, 30.846, 87.700, 41.939, 481.12, -166.82, -695.39
-0.88, 0.62, 0.25, 58.868, 89.424, 77.484, 518.26, -193.44, -584.60
-0.80, 0.81, 0.01, 100.533, 86.296, 65.773, 604.93, -163.27, -412.46
-0.78, 0.81, -0.20, 60.005, 73.158, 31.639, 604.93, -163.27, -412.46
-0.66, 0.84, -0.33, 40.688, 74.043, 20.729, 640.31, -113.58, -259.07
-0.69, 0.97, -0.48, 51.338, 64.590, 42.931, 649.15, -65.66, -158.51
-0.46, 0.80, -0.57, 78.796, 47.760, 38.849, 636.77, -10.65, -51.13
-0.36, 0.69, -0.80, 87.135, 23.720, 26.695, 608.47, 67.44, 54.54
-0.41, 0.61, -0.83, 57.037, 23.872, 10.056, 527.11, 92.28, 109.08
-0.47, 0.61, -0.88, 26.802, 45.586, -0.092, 527.11, 92.28, 109.08
-0.34, 0.55, -0.90, 24.925, 64.857, -24.864, 493.50, 126.00, 144.87
-0.22, 0.44, -0.89, 47.241, 11.429, -96.931, 472.27, 182.79, 158.51
0.01, 0.61, -0.82, 21.637, 14.465, 9.636, 419.21, 218.28, 185.78
-0.25, 0.58, -1.03, 37.575, 9.415, -7.576, 385.60, 234.26, 204.53
-0.20, 0.32, -0.86, 1.572, 24.185, -11.475, 327.23, 228.93, 219.87
0.06, 0.16, -1.05, 21.240, 6.470, 0.084, 327.23, 228.93, 219.87
-0.11, 0.19, -0.90, -17.876, -10.544, 39.780, 274.17, 267.97, 209.64
-0.01, 0.27, -0.98, 34.775, 59.547, 10.674, 298.93, 257.33, 219.87
-0.14, 0.12, -0.95, 70.724, 61.203, 25.665, 240.56, 337.19, 207.93
0.12, -0.01, -0.88, 49.049, 45.357, 36.919, 162.73, 415.27, 187.48
0.19, -0.16, -0.73, 79.956, 35.858, 47.615, 70.75, 440.12, 170.44
0.25, -0.29, -0.79, 95.505, 27.359, 30.464, 70.75, 440.12, 170.44
0.25, -0.54, -0.68, 82.092, 38.918, 31.311, -56.60, 464.96, 98.85
0.30, -0.64, -0.56, 12.772, 4.807, 39.345, -180.42, 479.16, -17.04
0.14, -0.59, -0.46, 5.119, -31.181, 13.054, -208.72, 464.96, -78.40
0.21, -0.70, -0.56, 32.150, 31.326, 22.881, -229.95, 443.67, -71.58
0.38, -0.76, -0.57, -9.018, 1.389, -43.839, -281.24, 413.50, -90.33
0.19, -0.43, -0.46, -35.477, 12.779, -2.602, -281.24, 413.50, -90.33
0.29, -0.65, -0.69, 19.669, -29.739, -47.119, -238.79, 456.09, -63.06
0.25, -0.70, -0.65, 68.138, 5.920, 39.146, -228.18, 406.40, -25.57
0.19, -0.71, -0.50, 92.049, 6.416, 46.425, -293.62, 376.23, -119.31
0.15, -0.83, -0.38, 70.160, 40.871, 4.562, -357.30, 351.38, -214.75
0.23, -0.87, -0.24, 104.012, 72.899, 13.588, -366.14, 360.26, -342.58
0.16, -0.78, 0.10, 130.417, 53.268, 22.667, -366.14, 360.26, -342.58
0.13, -0.81, 0.30, 71.739, 13.680, 27.954, -378.53, 344.29, -521.54
0.15, -0.83, 0.37, 52.460, -1.694, 36.110, -360.84, 315.89, -627.21
0.07, -0.76, 0.54, 93.307, 19.928, 42.862, -341.38, 299.92, -714.14
0.02, -0.62, 0.67, 126.785, 27.199, -3.014, -263.55, 271.52, -830.04
-0.00, -0.46, 0.83, 116.745, 16.899, -0.359, -143.27, 289.27, -935.71
-0.04, -0.31, 0.86, 54.443, 11.909, 2.022, -143.27, 289.27, -935.71
-0.06, -0.20, 0.97, 73.326, 6.554, 5.058, -33.61, 253.78, -1014.11
-0.10, -0.01, 0.98, 145.271, -1.015, -7.439, 77.83, 252.00, -1053.31
-0.22, 0.27, 0.95, 179.962, 4.967, 36.339, 286.55, 227.16, -1036.27
-0.18, 0.53, 0.91, 62.729, 11.826, -10.239, 500.57, 204.09, -966.39
-0.25, 0.64, 0.88, 51.964, 42.274, -11.757, 587.25, 170.37, -893.10
-0.28, 0.68, 0.78, 93.460, 61.607, 7.896, 587.25, 170.37, -893.10
-0.37, 0.95, 0.64, 78.529, 91.560, 11.154, 650.92, 110.03, -814.70
-0.31, 0.86, 0.47, 69.199, 53.612, 20.821, 723.44, 76.31, -676.64
-0.35, 0.95, 0.35, 2.762, -0.114, 6.721, 772.97, 72.76, -570.97
-0.36, 0.91, 0.44, -79.033, -20.325, -2.167, 767.66, 88.73, -593.13
-0.35, 0.83, 0.58, -135.902, -35.591, 11.688, 709.29, 115.35, -714.14
-0.15, 0.68, 0.85, -156.960, -47.729, 3.922, 709.29, 115.35, -714.14
-0.22, 0.43, 0.98, -125.175, -8.919, 7.027, 597.86, 152.62, -872.64
-0.21, 0.23, 0.98, -110.962, -30.670, 19.226, 447.51, 193.44, -986.84
-0.12, -0.10, 0.92, -107.307, -45.105, 35.599, 307.77, 234.26, -1029.45
-0.04, -0.17, 1.02, -133.759, -2.769, -7.774, 153.89, 278.62, -1075.47
0.06, -0.37, 0.86, -166.153, -19.676, -3.273, -28.30, 294.59, -1002.18
0.01, -0.59, 0.73, -114.632, -21.606, -10.361, -28.30, 294.59, -1002.18
0.06, -0.78, 0.67, -52.788, -60.852, -25.208, -183.96, 319.44, -916.96
0.18, -0.74, 0.48, -45.036, -41.946, -10.735, -240.56, 354.93, -838.56
0.16, -0.71, 0.29, -116.051, -47.279, -23.659, -293.62, 376.23, -766.97
0.06, -0.76, 0.28, -82.977, -52.193, 25.002, -353.76, 397.53, -630.62
0.24, -0.88, -0.15, -111.298, -35.606, -37.727, -383.83, 381.55, -523.25
0.16, -0.80, -0.23, -133.072, -4.066, -53.749, -383.83, 381.55, -523.25
0.19, -0.74, -0.32, -111.122, -9.583, -19.753, -353.76, 429.47, -357.92
0.30, -0.60, -0.57, -77.400, -22.995, -13.039, -304.24, 457.86, -211.34
0.31, -0.47, -0.70, -91.232, -24.094, -25.055, -258.25, 464.96, -102.26
0.29, -0.30, -0.93, -84.045, -55.809, -27.222, -162.73, 450.77, 6.82
0.19, -0.07, -0.91, -40.421, -53.673, -31.654, -86.67, 427.70, 90.33
0.26, 0.02, -0.94, -19.554, -64.499, -42.686, -86.67, 427.70, 90.33
0.09, 0.02, -1.06, -57.236, -68.581, -38.300, -33.61, 399.30, 138.06
-0.06, 0.12, -1.03, -69.572, 55.298, 1.335, 37.15, 335.41, 192.60
0.05, -0.05, -0.97, -23.224, -35.233, -24.971, 95.52, 333.64, 207.93
-0.15, -0.06, -0.99, -47.623, -23.880, -23.376, 159.19, 315.89, 207.93
0.01, 0.07, -1.13, -70.091, 52.681, -55.473, 159.19, 315.89, 207.93
-0.15, 0.32, -0.88, -71.304, 45.639, -81.688, 260.02, 367.36, 223.27
-0.11, 0.50, -0.82, -70.503, 16.823, -48.347, 357.30, 369.13, 214.75
0.00, 0.68, -0.76, -24.826, -8.148, -27.481, 470.50, 354.93, 177.26
0.13, 0.54, -1.06, -23.399, -17.433, -44.518, 511.19, 310.57, 158.51
-0.37, 0.50, -0.60, -85.556, -165.695, -95.070, 528.87, 236.03, 158.51
-0.55, 0.73, -0.52, -109.444, -94.139, -29.640, 636.77, 7.10, 30.68
-0.46, 0.80, 0.02, -128.052, -113.091, -31.189, 636.77, 7.10, 30.68
-0.58, 0.76, 0.42, -148.697, -3.578, 0.473, 702.22, -37.27, -182.37
-0.57, 0.56, 0.54, -128.227, -59.898, -27.359, 696.91, -88.73, -473.82
-0.79, 0.54, 0.69, -177.605, -155.426, -52.086, 585.48, -104.71, -703.91
-0.62, 0.23, 0.93, -97.717, -40.855, -4.745, 405.06, -23.07, -908.44
-0.41, -0.05, 1.01, -126.060, -93.353, -36.102, 261.78, 35.49, -978.32
-0.23, -0.34, 1.03, -115.036, -41.832, -18.822, 261.78, 35.49, -978.32
-0.19, -0.44, 0.91, -19.058, -33.783, 0.053, 44.22, 136.65, -1000.47
-0.14, -0.42, 0.77, -52.612, -4.082, -16.815, -10.61, 198.76, -1012.40
-0.15, -0.47, 0.89, -2.808, -4.501, -19.981, -31.84, 202.31, -985.13
-0.19, -0.46, 0.82, -42.397, -1.549, -26.085, -61.91, 182.79, -986.84
-0.18, -0.47, 0.77, -40.634, -9.003, -27.733, -61.91, 182.79, -986.84
-0.21, -0.69, 0.77, -46.066, -7.973, -12.970, -100.82, 196.99, -966.39
-0.15, -0.76, 0.81, -11.185, -86.266, -35.751, -155.66, 191.66, -903.32
-0.20, -0.62, 0.63, -60.387, -109.055, -17.128, -162.73, 244.90, -923.78
-0.27, -0.67, 0.52, -78.491, -58.205, -21.904, -222.87, 259.10, -859.01
-0.37, -0.81, 0.51, -106.911, -64.575, -15.701, -283.01, 273.30, -787.43
-0.13, -0.79, 0.33, -78.400, -45.334, -17.242, -283.01, 273.30, -787.43
-0.16, -0.93, 0.02, -116.913, 88.371, 34.515, -339.61, 283.95, -691.98
-0.18, -0.96, -0.16, -45.578, 28.183, -22.949, -360.84, 209.41, -531.77
0.08, -0.94, -0.15, -181.656, -61.073, 3.799, -383.83, 211.19, -380.08
-0.18, -0.72, -0.57, -163.742, 77.316, 32.494, -313.08, 172.14, -161.92
-0.02, -0.71, -0.67, -75.005, 100.189, -22.575, -231.71, 236.03, -28.97
0.17, -0.49, -0.72, -85.976, 63.538, -76.622, -231.71, 236.03, -28.97
0.31, -0.38, -0.76, -21.812, 48.592, -75.386, -146.81, 349.61, 69.88
0.39, -0.24, -0.83, -89.172, 29.823, -53.314, -90.21, 459.64, 63.06
0.41, -0.05, -0.75, -56.961, -11.612, -6.004, 44.22, 534.18, 110.78
0.40, 0.07, -0.74, -72.609, -22.842, -3.265, 116.74, 528.85, 132.94
0.36, -0.05, -0.88, -54.985, -9.277, 6.371, 194.57, 521.75, 173.85
0.48, 0.15, -0.81, -59.036, 3.952, 6.340, 194.57, 521.75, 173.85
0.36, 0.11, -0.74, -109.337, 20.706, -33.295, 295.39, 505.78, 175.55
0.40, 0.49, -0.68, -54.276, 25.810, -58.434, 378.53, 532.40, 163.62
0.37, 0.50, -0.57, -41.687, 1.183, -59.021, 474.04, 543.05, 139.76
0.40, 0.90, -0.96, -29.984, -27.649, -48.721, 511.19, 537.72, 103.97
0.28, 0.72, -0.80, -50.682, -9.254, -15.175, 528.87, 495.13, 131.24
0.36, 0.91, -0.60, -42.664, -9.033, 0.191, 528.87, 495.13, 131.24
0.34, 0.72, -0.54, -57.892, 32.394, -5.630, 580.17, 504.01, 85.22
0.32, 0.74, -0.59, -92.239, 80.315, 50.133, 615.55, 504.01, 54.54
0.51, 0.80, -0.23, -92.613, -57.411, 103.256, 679.22, 606.94, -54.54
0.49, 0.81, -0.19, 92.239, -104.424, 6.042, 689.84, 635.33, -85.22
0.20, 0.38, -0.75, 203.003, -250.000, 46.440, 491.73, 464.96, 153.39
-0.69, -0.19, -1.10, 214.043, -250.000, -14.183, 491.73, 464.96, 153.39
-0.50, -0.09, -0.90, 76.950, 10.590, -41.283, 191.03, -3.55, 146.58
-0.38, -0.27, -0.80, 97.809, 69.366, -24.948, 54.83, -40.82, 49.43
-0.43, -0.34, -0.84, 129.951, -75.699, -75.890, -77.83, -21.30, 13.64
-0.40, -0.68, -0.59, 143.044, -79.269, -80.406, -208.72, 3.55, -98.85
-0.48, -0.53, -0.30, 153.511, -146.080, -40.070, -309.54, 37.27, -298.27
-0.53, -0.91, -0.14, 128.860, -124.001, -28.465, -309.54, 37.27, -298.27
-0.54, -0.88, 0.08, 126.251, -125.443, 11.192, -334.31, 51.47, -526.65
-0.50, -0.92, 0.37, 172.760, -138.451, 32.700, -279.47, 81.63, -739.70
-0.39, -0.76, 0.42, 122.963, -122.414, -3.044, -182.19, 200.54, -922.07
-0.28, -0.71, 0.63, 79.323, -65.765, -43.327, -81.37, 319.44, -1015.81
-0.15, -0.55, 0.88, 10.544, 24.193, 61.867, -33.61, 360.26, -1024.33
-0.44, -0.56, 0.87, 1.434, 99.892, 142.975, -33.61, 360.26, -1024.33
-0.76, -0.24, 0.81, 49.828, 101.181, 132.690, 12.38, 193.44, -1000.47
-0.69, -0.07, 0.77, 14.908, -5.676, 64.461, 129.12, 44.37, -980.02
-0.76, -0.11, 0.85, -8.804, -81.810, 75.874, 183.96, 42.59, -985.13
-0.57, -0.14, 0.94, -64.293, -22.682, 60.394, 196.34, 111.80, -1010.70
-0.50, -0.10, 0.88, -21.439, -70.236, 72.227, 176.88, 166.82, -1039.67
-0.56, -0.26, 0.89, -88.577, -78.598, 53.223, 176.88, 166.82, -1039.67
-0.36, -0.21, 0.99, 0.435, -51.605, 9.819, 127.35, 262.65, -1043.08
-0.25, -0.21, 0.86, 24.261, -4.532, 19.821, 106.13, 337.19, -1053.31
-0.29, -0.12, 1.06, -30.296, 41.969, 22.369, 122.05, 374.45, -1048.20
-0.33, -0.19, 1.01, -14.290, 45.898, 58.105, 84.90, 280.40, -1049.90
-0.09, 0.08, 1.31, 38.696, 119.270, 34.302, 83.13, 221.83, -1048.20
-0.49, -0.01, 0.94, 111.763, -34.340, -11.467, 83.13, 221.83, -1048.20
-0.51, 0.23, 0.97, 130.325, 50.011, -60.654, 217.56, 250.23, -1058.42
-0.57, 0.49, 0.75, 107.811, 17.311, -6.630, 378.53, 244.90, -1032.86
-0.58, 0.55, 0.65, 47.455, 35.126, 84.862, 523.57, 223.61, -961.27
-0.36, 0.58, 0.74, -48.630, -1.381, 98.969, 580.17, 280.40, -934.00
-0.41, 0.48, 0.81, -129.387, -25.597, 48.744, 484.65, 347.83, -995.36
-0.45, 0.01, 1.00, -233.757, -14.381, 50.064, 484.65, 347.83, -995.36
-0.23, -0.09, 1.08, -142.410, -44.800, 23.918, 245.86, 363.81, -1058.42
-0.22, -0.32, 1.15, -123.093, -39.352, 22.400, 63.68, 404.62, -1032.86
-0.35, -0.45, 0.96, -71.167, -67.764, -5.234, -90.21, 402.85, -986.84
-0.04, -0.55, 0.99, -51.956, -56.221, -73.456, -166.27, 433.02, -906.73
-0.37, -0.46, 0.94, -32.616, 82.153, 14.984, -203.41, 441.89, -860.71
-0.26, -0.65, 0.67, -157.768, -81.703, -65.285, -203.41, 441.89, -860.71
0.17, -0.73, 0.54, -180.611, -169.579, -46.761, -260.02, 463.19, -809.58
0.41, -0.93, -0.03, -221.405, -144.806, -45.525, -268.86, 582.09, -548.81
0.20, -0.58, -0.47, -115.189, -90.729, -0.633, -201.64, 606.94, -160.21
0.22, -0.73, -0.64, -7.668, -46.837, 31.616, -95.52, 546.60, 20.45
0.08, -0.67, -0.74, -40.787, -59.212, 49.690, -88.44, 450.77, 74.99
-0.14, -0.42, -0.88, -125.114, -102.615, -5.508, -88.44, 450.77, 74.99
-0.33, -0.22, -1.00, -125.092, -79.697, -28.503, 49.53, 308.79, 184.07
-0.27, 0.02, -1.02, -116.447, -45.578, -26.161, 221.10, 207.64, 226.68
-0.34, 0.17, -1.02, -112.549, -32.028, -1.884, 378.53, 156.17, 201.12
-0.50, 0.15, -1.05, -60.104, -47.478, -7.019, 484.65, 124.23, 156.80
-0.52, 0.56, -1.07, -161.705, 27.260, 30.975, 622.62, 88.73, 74.99
0.15, 0.31, -0.61, -43.335, 58.632, 88.402, 622.62, 88.73, 74.99
-0.49, 0.40, -0.82, -17.929, -4.440, -72.731, 719.91, 218.28, 5.11
-0.55, 0.56, -0.70, -17.357, -17.807, -52.711, 726.98, 143.75, -18.75
-0.62, 0.71, -0.76, -27.138, -9.781, -14.404, 700.45, 49.69, -51.13
-0.69, 0.70, -0.75, -25.925, 2.480, -3.105, 682.76, 14.20, -68.18
-0.68, 0.67, -0.65, -49.149, 4.326, -19.722, 673.92, -8.87, -86.92
-0.77, 0.69, -0.49, -21.149, -70.427, -46.509, 673.92, -8.87, -86.92
-0.90, 0.55, -0.50, -105.164, -75.272, -26.527, 668.61, -78.09, -160.21
-1.01, 0.57, -0.19, -80.116, -97.252, -31.311, 645.62, -143.75, -301.68
-0.96, 0.63, -0.02, -41.855, -31.792, 1.534, 624.39, -147.30, -451.66
-1.00, 0.74, 0.17, -121.185, -58.701, -14.786, 599.63, -147.30, -557.33
-0.96, 0.42, 0.41, -108.849, -97.183, -23.491, 523.57, -95.83, -746.52
-0.89, 0.48, 0.60, -110.092, -94.498, -27.145, 523.57, -95.83, -746.52
-0.86, 0.06, 0.77, -137.581, -147.079, -14.168, 413.90, -35.49, -896.51
-0.68, 0.12, 0.99, -94.208, -153.297, 3.876, 245.86, 83.41, -1020.93
-0.51, 0.05, 0.97, -119.812, -148.598, -7.332, 116.74, 241.35, -1039.67
-0.44, -0.26, 1.01, -45.578, -70.915, -17.731, 0.00, 308.79, -1015.81
-0.30, -0.29, 1.02, -25.970, -44.846, -33.447, -44.22, 388.65, -1010.70
-0.16, -0.37, 0.89, -66.833, -20.569, -66.338, -44.22, 388.65, -1010.70
-0.05, -0.50, 0.88, -97.191, -20.172, -21.614, -67.21, 472.06, -964.68
-0.05, -0.58, 0.79, -83.130, -32.478, -4.570, -164.50, 495.13, -877.76
0.07, -0.76, 0.58, -71.274, -58.105, -10.025, -237.02, 535.95, -787.43
0.07, -0.71, 0.62, -19.279, -1.717, 0.961, -238.79, 587.42, -720.95
0.10, -0.74, 0.57, 11.459, -4.837, 12.672, -237.02, 564.34, -709.02
0.10, -0.75, 0.57, 5.020, -2.052, 9.880, -237.02, 564.34, -709.02
0.07, -0.70, 0.60, 46.829, 11.101, 7.843, -270.63, 555.47, -710.73
-0.06, -0.62, 0.72, 135.979, 12.611, 44.456, -242.33, 527.08, -768.68
-0.10, -0.57, 0.88, 16.541, 47.951, -29.114, -178.65, 484.48, -891.39
-0.07, -0.53, 0.80, 34.134, 52.811, -54.543, -129.12, 420.60, -932.30
-0.23, -0.43, 0.91, 59.914, 31.906, -2.380, -109.67, 379.78, -964.68
-0.32, -0.38, 0.93, 66.025, 27.397, 5.470, -109.67, 379.78, -964.68
-0.38, -0.24, 0.95, 50.201, 24.216, 6.813, -37.15, 338.96, -1003.88
-0.47, -0.17, 0.96, 46.043, 40.543, 5.112, 22.99, 299.92, -1034.56
-0.57, -0.05, 0.87, 80.177, 37.712, 8.858, 86.67, 225.38, -1037.97
-0.68, 0.14, 0.90, 73.196, 35.774, 13.962, 203.41, 168.59, -1034.56
-0.71, 0.25, 0.85, 64.629, 23.544, -1.076, 321.92, 99.38, -998.77
-0.81, 0.37, 0.72, 67.154, 65.239, -29.366, 321.92, 99.38, -998.77
-0.90, 0.41, 0.58, 87.341, 60.822, -1.770, 392.68, 28.39, -927.19
-0.96, 0.49, 0.45, 59.181, 57.175, 17.258, 472.27, -55.01, -847.08
-0.93, 0.58, 0.34, 60.890, 43.571, 18.158, 541.26, -85.18, -760.16
-0.96, 0.61, 0.26, 64.003, 86.540, 21.873, 596.09, -115.35, -669.82
-0.96, 0.69, 0.11, 80.643, 81.635, 29.800, 636.77, -131.33, -565.86
-0.92, 0.74, -0.15, 78.224, 67.329, 24.948, 636.77, -131.33, -565.86
-0.84, 0.73, -0.25, 92.438, 90.172, 23.460, 673.92, -86.96, -414.17
-0.62, 0.66, -0.48, 106.239, 98.930, 29.327, 696.91, -67.44, -262.48
-0.66, 0.53, -0.74, 109.505, 78.400, 10.696, 679.22, -14.20, -95.45
-0.37, 0.43, -0.92, 55.115, 79.048, -12.711, 585.48, 65.66, 63.06
-0.37, 0.28, -1.05, 68.214, 72.464, 12.169, 505.88, 166.82, 153.39
-0.22, 0.05, -0.94, 105.743, 105.774, 17.334, 505.88, 166.82, 153.39
-0.02, -0.09, -0.98, 58.899, 68.779, -28.297, 380.29, 296.37, 209.64
0.04, -0.15, -1.00, 58.411, 63.538, -37.628, 284.78, 402.85, 213.05
0.42, -0.40, -0.71, 48.279, 57.541, -6.630, 212.26, 504.01, 173.85
0.46, -0.40, -0.61, 20.386, -35.812, 27.618, 109.67, 582.09, 95.45
0.39, -0.62, -0.66, 143.486, 66.048, -13.313, -8.84, 555.47, 66.47
0.35, -0.75, -0.39, 85.846, 60.356, -10.277, -8.84, 555.47, 66.47
0.47, -0.63, -0.19, 122.589, 55.283, -78.415, -122.05, 626.46, -76.70
0.59, -0.66, 0.01, 113.777, 160.271, -104.095, -139.74, 743.59, -243.73
0.58, -0.46, 0.21, 93.704, 109.795, 30.487, -74.29, 823.45, -449.96
0.42, -0.47, 0.50, 56.847, 62.286, 44.563, -97.28, 793.28, -615.28
0.29, -0.46, 0.62, 65.292, 74.692, 63.110, -111.44, 725.84, -717.55
0.26, -0.43, 0.67, 67.368, 56.778, 72.685, -111.44, 725.84, -717.55
0.41, -0.53, 0.69, 77.652, 103.073, 127.350, -129.12, 654.85, -795.95
0.44, -0.58, 0.85, 91.194, 178.604, 118.423, -107.90, 569.67, -887.98
-0.15, -0.29, 1.03, 82.825, 45.380, 15.114, -88.44, 447.22, -961.27
-0.12, -0.26, 1.07, 46.967, 79.720, 23.491, 12.38, 392.20, -1020.93
-0.29, -0.05, 0.94, 60.112, 100.601, 27.985, 58.37, 324.76, -1055.01
-0.68, 0.13, 1.06, 44.960, 103.142, 17.395, 58.37, 324.76, -1055.01
-0.73, 0.21, 0.84, 24.384, 30.266, 11.337, 155.66, 145.52, -1043.08
-0.82, 0.25, 0.83, 16.296, 36.278, 12.566, 219.33, 70.99, -1005.59
-0.73, 0.22, 0.84, 39.948, -11.520, -1.083, 260.02, 33.72, -986.84
-0.76, 0.55, 0.78, 93.147, -11.337, -37.216, 350.22, 42.59, -981.73
-0.76, 0.56, 0.72, 88.799, 9.766, -13.992, 436.90, 47.92, -932.30
-0.77, 0.67, 0.55, 170.753, 28.320, 16.975, 436.90, 47.92, -932.30
-0.82, 0.75, 0.49, 114.784, 20.264, 2.998, 574.86, 23.07, -823.22
-0.75, 0.83, 0.23, 79.765, 28.107, 30.151, 665.07, -3.55, -712.43
-0.75, 0.83, 0.05, 123.199, 27.100, 31.448, 741.13, 26.62, -611.87
-0.65, 0.79, -0.20, 151.810, 64.072, 21.255, 797.73, 40.82, -420.98
-0.60, 0.83, -0.62, 117.157, 81.520, 8.347, 780.05, 104.71, -151.69
-0.53, 0.19, -1.24, 126.022, 145.248, 10.201, 780.05, 104.71, -151.69
-0.07, 0.22, -1.14, 186.943, 98.015, 100.014, 656.23, 246.68, 80.11
0.09, -0.11, -0.94, 101.372, 63.477, 46.555, 458.12, 420.60, 172.14
0.19, -0.08, -0.95, 61.684, 17.769, 20.508, 286.55, 518.20, 184.07
0.12, -0.24, -0.92, 43.709, 20.386, 39.078, 203.41, 512.88, 155.10
0.13, -0.40, -0.87, 4.517, -2.281, 2.754, 109.67, 496.91, 143.17
0.07, -0.33, -0.87, -22.964, -55.962, -58.777, 109.67, 496.91, 143.17
0.04, -0.30, -0.93, -27.130, -49.118, -36.362, 137.97, 479.16, 177.26
0.00, -0.24, -0.94, -88.737, -78.209, -12.878, 199.88, 438.34, 185.78
-0.14, -0.03, -0.92, -64.659, -45.532, -2.518, 300.70, 340.74, 211.34
-0.21, 0.11, -0.99, -78.384, -33.188, 1.671, 394.44, 292.82, 209.64
-0.20, 0.27, -0.93, -95.535, -30.388, 21.378, 486.42, 264.43, 182.37
-0.26, 0.34, -0.84, -94.063, -16.090, -16.762, 486.42, 264.43, 182.37
-0.42, 0.66, -0.72, -89.516, -45.067, -77.400, 626.16, 237.81, 92.04
-0.46, 0.68, -0.66, -7.996, -0.336, 1.900, 705.76, 150.85, -18.75
-0.46, 0.70, -0.64, -51.910, -19.913, -13.298, 748.21, 126.00, -66.47
-0.58, 0.74, -0.48, -124.237, -72.685, -4.662, 790.66, 97.61, -141.46
-0.62, 0.83, -0.34, -78.644, -39.368, -8.720, 815.42, 94.06, -308.49
-0.65, 0.96, -0.17, -91.347, -35.919, -4.471, 815.42, 94.06, -308.49
-0.68, 0.94, 0.05, -81.841, -45.013, -8.018, 818.96, 79.86, -427.80
-0.70, 0.89, 0.19, -52.292, -14.816, 10.742, 767.66, 60.34, -565.86
-0.68, 0.79, 0.37, -91.515, -59.929, -48.080, 742.90, 56.79, -664.71
-0.70, 0.77, 0.44, -67.688, -52.872, -42.801, 640.31, 74.54, -790.83
-0.67, 0.65, 0.66, -51.414, -26.688, -3.662, 571.33, 83.41, -884.58
-0.75, 0.56, 0.81, -74.532, -13.802, -5.760, 571.33, 83.41, -884.58
-0.61, 0.48, 0.89, -42.870, -12.413, -10.635, 475.81, 111.80, -949.34
-0.62, 0.33, 0.80, -65.414, -31.830, -14.275, 390.91, 140.20, -990.25
-0.62, 0.22, 0.86, -66.414, -9.285, -24.040, 321.92, 152.62, -1029.45
-0.59, 0.16, 0.94, -43.663, 6.157, -5.318, 222.87, 191.66, -1039.67
-0.57, 0.12, 0.91, -20.561, -9.468, -8.698, 168.04, 193.44, -1061.83
-0.56, 0.09, 0.92, -14.832, -4.860, -0.275, 168.04, 193.44, -1061.83
-0.54, 0.05, 0.95, -16.281, -0.656, -2.983, 152.12, 212.96, -1043.08
-0.52, 0.01, 0.94, -11.856, -4.791, -9.850, 130.89, 212.96, -1029.45
-0.52, 0.00, 0.94, -4.745, -2.068, -7.378, 116.74, 220.06, -1049.90
-0.49, -0.02, 0.95, 3.784, -7.278, 16.891, 116.74, 241.35, -1049.90
-0.52, 0.01, 0.93, -0.015, -9.430, 15.671, 116.74, 241.35, -1049.90
-0.47, 0.01, 0.96, -4.990, -11.047, 7.263, 114.97, 228.93, -1041.38
-0.45, -0.02, 0.98, -9.354, -2.609, -4.486, 118.51, 243.13, -1055.01
-0.47, -0.01, 0.97, -1.678, -5.569, 6.042, 106.13, 259.10, -1039.67
-0.46, -0.01, 0.96, 2.144, -4.944, 0.542, 97.28, 250.23, -1041.38
-0.47, 0.00, 0.97, -0.778, -4.692, 2.266, 109.67, 273.30, -1036.27
-0.46, -0.01, 0.97, -0.679, -5.157, -0.763, 107.90, 267.97, -1055.01
-0.46, -0.01, 0.96, -1.518, -0.793, 2.205, 107.90, 267.97, -1055.01
-0.48, -0.01, 1.00, -1.595, 6.317, -0.771, 107.90, 267.97, -1041.38
-0.45, -0.02, 1.03, 38.017, -62.645, 0.458, 102.59, 259.10, -1053.31
-0.27, -0.01, 0.96, 9.277, 11.536, -1.656, 145.04, 294.59, -1056.72
-0.36, 0.04, 0.99, -10.597, 27.618, -38.376, 134.43, 305.24, -1063.54
-0.40, -0.02, 0.88, 6.645, 25.345, -68.375, 146.81, 299.92, -1055.01
-0.38, 0.01, 0.98, 4.097, 11.894, -60.257, 146.81, 299.92, -1055.01
-0.41, 0.01, 0.99, 28.122, -7.393, -54.687, 122.05, 307.02, -1044.79
-0.42, -0.03, 0.97, 13.779, 26.955, -34.088, 169.81, 319.44, -1063.54
-0.41, -0.02, 0.91, 17.769, 17.853, -44.586, 176.88, 301.69, -1043.08
-0.35, 0.02, 0.93, 10.704, -16.510, -31.281, 198.11, 287.50, -1060.13
-0.31, 0.03, 0.99, -0.023, -10.353, -37.224, 194.57, 315.89, -1056.72
-0.38, -0.00, 0.93, 9.155, -5.859, -25.841, 194.57, 315.89, -1056.72
-0.26, 0.01, 0.96, 0.420, 6.592, 0.534, 215.79, 333.64, -1046.49
-0.35, -0.02, 0.98, -9.323, 5.394, 6.569, 219.33, 326.54, -1060.13
-0.37, 0.03, 1.03, -3.914, 17.090, 17.105, 199.88, 338.96, -1051.61
-0.47, 0.01, 0.93, -5.043, 11.650, 4.189, 210.49, 331.86, -1051.61
-0.41, 0.01, 1.02, 1.915, 0.702, 1.251, 210.49, 331.86, -1051.61
-0.37, 0.02, 0.98, -0.641, 8.514, 2.670, 206.95, 328.31, -1061.83
-0.41, 0.01, 0.92, -8.423, 10.437, 4.433, 206.95, 328.31, -1044.79
-0.47, 0.02, 1.03, -8.331, 7.423, 0.397, 198.11, 315.89, -1056.72
-0.40, 0.04, 0.99, 4.829, 8.553, 4.593, 205.18, 330.09, -1056.72
-0.45, -0.02, 0.92, 0.519, 3.944, -3.273, 183.96, 330.09, -1053.31
-0.44, -0.01, 1.01, 0.458, 2.197, -0.427, 183.96, 330.09, -1053.31
-0.45, 0.02, 0.96, 0.832, 6.660, 6.554, 198.11, 308.79, -1066.94
-0.41, 0.03, 0.99, 2.548, -8.110, -4.059, 198.11, 291.05, -1053.31
-0.40, 0.04, 1.02, -2.434, -4.776, -0.603, 199.88, 299.92, -1065.24
-0.37, 0.03, 1.02, -4.524, 1.953, 6.714, 194.57, 294.59, -1070.35
-0.42, 0.02, 1.03, -5.196, 1.343, 0.130, 189.26, 307.02, -1065.24
-0.46, -0.01, 0.97, -4.120, 9.056, 0.595, 189.26, 307.02, -1065.24
-0.47, -0.02, 0.97, -1.595, 3.273, -0.084, 194.57, 315.89, -1049.90
-0.46, 0.01, 0.98, -5.890, 3.555, -0.298, 191.03, 301.69, -1049.90
-0.41, 0.01, 0.95, 1.991, 2.235, -2.296, 189.26, 314.12, -1061.83
-0.42, -0.01, 0.93, 6.416, -5.402, -0.031, 182.19, 296.37, -1065.24
-0.41, 0.02, 0.98, 3.952, -7.507, 1.289, 185.73, 314.12, -1061.83
-0.40, 0.03, 1.07, 1.381, -0.519, -0.305, 185.73, 314.12, -1061.83
-0.37, 0.04, 1.04, -4.738, 4.280, 1.701, 199.88, 321.21, -1048.20
-0.41, 0.03, 1.03, -5.669, 12.596, 1.839, 201.64, 315.89, -1066.94
-0.44, -0.01, 0.99, -10.620, 11.322, 0.275, 189.26, 314.12, -1058.42
-0.47, -0.00, 0.90, -0.900, 0.038, -0.938, 208.72, 315.89, -1049.90
-0.47, -0.02, 0.92, 1.892, -2.129, 2.289, 192.80, 317.67, -1051.61
-0.45, -0.01, 0.97, 2.075, -2.708, 2.724, 192.80, 317.67, -1051.61
-0.45, 0.01, 0.98, 3.326, -6.348, -0.122, 185.73, 299.92, -1065.24
-0.40, 0.01, 1.02, 4.677, -9.270, -2.747, 191.03, 315.89, -1049.90
-0.40, 0.02, 1.03, 6.943, 2.258, -0.679, 187.49, 319.44, -1063.54
-0.40, 0.03, 1.02, 5.295, -1.060, 1.808, 201.64, 315.89, -1060.13
-0.37, 0.05, 1.05, 7.637, 1.411, 6.310, 205.18, 322.99, -1060.13
-0.42, 0.05, 0.98, 2.495, 5.867, 5.219, 205.18, 322.99, -1060.13
-0.41, 0.05, 0.96, 2.083, -4.219, 7.858, 210.49, 335.41, -1055.01
-0.42, 0.07, 0.98, 3.090, -9.193, 9.132, 221.10, 321.21, -1051.61
-0.40, 0.07, 0.97, -2.907, 1.549, 3.326, 219.33, 330.09, -1060.13
-0.38, 0.06, 0.98, -5.287, 1.144, -0.404, 214.03, 335.41, -1055.01
-0.39, 0.04, 0.99, -7.118, -4.120, -4.837, 215.79, 347.83, -1053.31
-0.38, 0.04, 1.02, -8.156, -0.404, -3.113, 215.79, 347.83, -1053.31
-0.40, 0.04, 1.00, -2.968, -0.504, -0.534, 212.26, 340.74, -1049.90
-0.39, 0.03, 1.00, -6.432, 2.213, -2.029, 206.95, 331.86, -1082.28
-0.37, 0.02, 0.97, -2.281, 8.385, -3.059, 203.41, 338.96, -1065.24
-0.42, 0.01, 0.98, -1.488, 2.007, -2.869, 201.64, 330.09, -1066.94
-0.39, 0.01, 1.00, -4.036, -0.206, -2.785, 191.03, 333.64, -1053.31
-0.36, -0.01, 0.96, 0.008, -1.167, -0.389, 191.03, 333.64, -1053.31
-0.39, 0.01, 1.02, -1.686, 2.098, 1.419, 194.57, 344.29, -1060.13
-0.40, 0.00, 0.99, -1.755, 2.975, 1.144, 189.26, 346.06, -1065.24
-0.42, -0.01, 0.99, -1.793, 2.792, -0.885, 192.80, 331.86, -1061.83
-0.39, -0.01, 0.95, -0.923, -3.471, -0.954, 189.26, 335.41, -1055.01
-0.37, 0.00, 0.97, 3.128, -2.983, -0.275, 187.49, 326.54, -1053.31
-0.37, 0.01, 1.00, 0.694, -3.708, -0.763, 187.49, 326.54, -1053.31
-0.36, 0.01, 1.05, -3.838, 0.191, -3.036, 182.19, 335.41, -1061.83
-0.37, -0.02, 1.03, -5.661, 2.235, -0.076, 187.49, 344.29, -1063.54
-0.38, -0.01, 0.99, -5.356, 5.951, 0.687, 175.11, 324.76, -1058.42
-0.41, -0.03, 0.98, -3.479, 5.066, 0.526, 178.65, 331.86, -1051.61
-0.40, -0.01, 0.93, -3.555, 0.893, 1.640, 182.19, 342.51, -1055.01
-0.39, -0.03, 0.97, 2.121, -5.219, -2.411, 182.19, 342.51, -1055.01
-0.41, -0.02, 0.98, 0.580, -5.020, -1.190, 187.49, 326.54, -1063.54
-0.37, -0.03, 1.05, 3.822, -3.021, -0.961, 173.34, 340.74, -1046.49
-0.39, -0.02, 1.02, -0.786, 1.114, 1.556, 171.57, 342.51, -1058.42
-0.39, 0.04, 1.04, 14.023, -20.432, 7.675, 182.19, 342.51, -1058.42
-0.36, 0.04, 0.94, 18.005, -2.380, 1.442, 231.71, 374.45, -1055.01
-0.35, 0.09, 1.01, 12.047, 11.986, 4.730, 231.71, 374.45, -1055.01
-0.28, 0.10, 0.98, 18.723, -4.677, 7.858, 237.02, 365.58, -1046.49
-0.21, 0.23, 1.04, 14.450, -37.056, 16.685, 242.33, 388.65, -1037.97
-0.25, 0.14, 1.06, 2.182, -46.509, 40.405, 254.71, 443.67, -1046.49
0.04, 0.22, 1.01, 7.645, -48.889, 26.840, 261.78, 504.01, -1032.86
0.04, 0.16, 0.95, -8.568, -22.568, 28.229, 256.48, 573.22, -990.25
0.25, 0.12, 0.97, 1.495, -75.455, 27.878, 256.48, 573.22, -990.25
0.22, 0.05, 0.86, -12.802, -84.419, 55.931, 217.56, 665.50, -949.34
0.34, 0.17, 0.85, -16.663, -61.966, 38.132, 169.81, 727.61, -910.14
0.50, -0.08, 0.75, -34.042, -67.070, 71.091, 127.35, 784.40, -841.97
0.45, -0.25, 0.62, -33.615, -57.091, 94.460, 26.53, 811.02, -751.63
0.56, -0.30, 0.60, 12.993, -43.472, 71.304, -67.21, 777.30, -685.16
0.64, -0.48, 0.54, 25.536, -57.373, 64.941, -67.21, 777.30, -685.16
0.54, -0.53, 0.36, -8.820, -63.766, 54.146, -136.20, 736.49, -628.92
0.59, -0.54, 0.31, -22.034, -48.424, 60.875, -185.73, 711.64, -550.52
0.40, -0.65, -0.01, -5.524, -57.053, 98.900, -238.79, 669.05, -461.89
0.34, -0.90, 0.18, -8.369, -70.061, 115.227, -313.08, 562.57, -438.03
0.11, -0.90, 0.08, -38.536, -49.835, 125.793, -380.29, 388.65, -390.30
-0.03, -0.93, -0.07, 1.450, -50.316, 74.455, -380.29, 388.65, -390.30
-0.19, -0.94, -0.06, 9.941, -54.466, 85.709, -371.45, 248.45, -354.51
-0.29, -0.97, 0.13, 17.830, -54.024, 47.859, -357.30, 145.52, -378.37
-0.36, -0.91, 0.14, 6.065, -59.982, 59.349, -357.30, 53.24, -402.23
-0.45, -0.92, 0.10, 17.715, 23.941, 49.660, -313.08, 5.32, -417.57
-0.75, -0.74, 0.36, 69.679, 103.226, 173.523, -252.94, -104.71, -458.48
-0.85, -0.70, 0.09, -7.858, 0.099, 44.388, -252.94, -104.71, -458.48
-0.89, -0.59, 0.18, 2.144, -51.140, -5.745, -168.04, -189.89, -434.62
-0.85, -0.67, 0.20, 2.968, -32.082, 62.813, -139.74, -196.99, -478.93
-0.89, -0.55, 0.19, -14.366, -31.563, 53.459, -76.06, -246.68, -516.43
-1.15, -0.45, 0.16, 16.098, -6.683, 66.422, 5.31, -250.23, -560.74
-1.26, -0.23, 0.26, -51.971, 24.544, 36.980, 120.28, -280.40, -579.49
-1.15, -0.23, 0.36, -18.883, 3.944, 52.055, 120.28, -280.40, -579.49
-1.19, -0.18, 0.19, -31.136, 20.699, 36.636, 194.57, -294.59, -586.31
-2.00, -0.12, 0.54, 3.571, 65.292, 18.272, 261.78, -283.95, -593.13
-1.26, -0.08, 0.17, 16.159, 42.938, 51.453, 313.08, -253.78, -632.33
-1.22, 0.14, 0.41, -25.291, -38.353, 65.796, 399.75, -220.06, -620.40
-0.95, 0.25, 0.57, -14.503, -45.876, 69.412, 488.19, -149.07, -732.89
-0.81, 0.36, 0.73, 4.135, -63.408, 105.537, 488.19, -149.07, -732.89
-0.54, 0.54, 0.78, 2.510, -68.588, 128.525, 589.01, 15.97, -823.22
-0.26, 0.61, 0.80, 8.644, -63.019, 146.271, 642.08, 250.23, -864.12
0.02, 0.57, 0.78, -9.567, -54.276, 121.048, 665.07, 479.16, -848.78
0.17, 0.54, 0.75, -5.676, -66.391, 158.844, 573.09, 635.33, -821.51
0.48, 0.36, 0.70, -9.834, -42.496, 135.025, 438.67, 787.95, -766.97
0.48, 0.33, 0.67, 1.877, -18.463, 75.256, 438.67, 787.95, -766.97
0.51, 0.13, 0.64, -0.511, -13.985, 92.743, 336.07, 834.09, -753.34
0.60, 0.10, 0.63, -6.638, -13.084, 96.985, 238.79, 842.97, -751.63
0.59, -0.12, 0.62, 15.129, -15.549, 66.597, 118.51, 842.97, -724.36
0.63, -0.10, 0.57, 2.785, -20.546, 91.614, 54.83, 828.77, -717.55
0.52, -0.39, 0.57, -14.549, -25.772, 148.621, -56.60, 770.21, -709.02
0.54, -0.53, 0.52, 22.186, -11.086, 87.830, -56.60, 770.21, -709.02
0.37, -0.57, 0.58, 6.889, 3.212, 78.407, -180.42, 656.63, -678.34
0.26, -0.68, 0.49, -30.228, -8.026, 81.894, -235.25, 594.51, -703.91
0.23, -0.70, 0.48, 1.228, -24.811, 65.865, -293.62, 496.91, -674.94
0.19, -0.78, 0.46, 0.069, -15.450, 57.152, -316.62, 445.44, -659.60
0.16, -0.82, 0.47, -11.047, 13.687, 31.693, -336.07, 397.53, -654.48
0.20, -0.84, 0.46, 8.034, 0.351, -20.195, -336.07, 397.53, -654.48
0.28, -0.75, 0.47, 21.484, -3.143, -75.836, -334.31, 395.75, -663.01
0.24, -0.66, 0.52, 28.297, -11.635, -89.180, -302.47, 473.84, -693.68
0.40, -0.57, 0.52, 17.387, -18.982, -54.131, -242.33, 608.71, -700.50
0.53, -0.41, 0.53, 23.506, 12.962, -74.829, -169.81, 685.02, -698.80
0.65, -0.20, 0.55, 14.442, 5.325, -95.024, -77.83, 759.56, -715.84
0.62, -0.04, 0.56, 1.419, 19.722, -132.706, -77.83, 759.56, -715.84
0.62, 0.01, 0.61, 31.364, 45.937, -163.368, 51.30, 807.47, -731.18
0.57, 0.28, 0.63, 40.771, 47.142, -139.908, 229.95, 827.00, -746.52
0.40, 0.42, 0.64, 29.724, 51.361, -132.553, 408.60, 803.92, -772.09
0.16, 0.68, 0.67, 14.503, 41.527, -123.734, 539.49, 708.09, -819.81
0.07, 0.65, 0.71, 14.107, 25.833, -67.429, 627.93, 605.16, -812.99
0.02, 0.68, 0.70, 38.368, 26.894, -108.810, 627.93, 605.16, -812.99
-0.18, 0.99, 0.66, 59.464, 29.495, -122.292, 670.38, 534.18, -826.63
-0.35, 0.91, 0.57, 40.207, 46.570, -118.492, 737.59, 388.65, -782.31
-0.56, 0.90, 0.53, 26.428, 49.583, -89.851, 774.74, 280.40, -732.89
-0.76, 0.80, 0.40, 25.543, 38.177, -48.454, 757.05, 149.07, -695.39
-0.81, 0.75, 0.32, 86.205, 37.651, -116.615, 742.90, 53.24, -616.99
-0.92, 0.68, 0.19, 86.494, 55.534, -125.725, 742.90, 53.24, -616.99
-0.98, 0.64, 0.11, 66.475, 13.855, -31.418, 684.53, -86.96, -516.43
-1.08, 0.38, 0.04, 65.002, 22.545, -80.750, 668.61, -131.33, -453.37
-1.10, 0.38, 0.02, 62.599, 4.951, -88.760, 562.48, -212.96, -374.96
-1.22, 0.20, -0.18, 42.328, -7.919, -88.387, 443.97, -264.43, -339.17
-1.23, -0.20, -0.12, -9.254, 11.185, -123.131, 291.85, -317.67, -328.95
-1.15, -0.34, -0.22, -113.602, -16.037, -149.612, 291.85, -317.67, -328.95
-1.10, -0.53, -0.18, 3.990, -13.657, -60.310, 107.90, -289.27, -318.72
-0.92, -0.61, -0.11, 43.243, -51.888, -51.460, 10.61, -283.95, -306.79
-0.95, -0.69, -0.10, 68.649, -53.162, -95.276, -74.29, -227.16, -351.10
-0.60, -0.70, 0.14, 65.834, -22.057, -78.468, -146.81, -186.34, -410.76
-0.67, -1.04, 0.18, 90.813, 35.896, -148.659, -249.40, -69.21, -516.43
-0.47, -0.99, 0.18, 7.004, 25.673, -101.730, -249.40, -69.21, -516.43
-0.31, -0.93, 0.22, 20.058, 55.237, -118.309, -337.84, 62.11, -536.88
-0.13, -0.96, 0.29, 27.962, 59.967, -104.340, -362.61, 186.34, -530.06
-0.05, -0.84, 0.35, 10.017, 32.928, -50.873, -371.45, 280.40, -559.04
0.01, -0.77, 0.40, -11.497, 69.344, -83.618, -359.07, 346.06, -574.38
0.13, -0.74, 0.40, 26.794, 87.235, -77.736, -334.31, 413.50, -601.65
0.20, -0.78, 0.42, 39.963, 87.624, -86.678, -334.31, 413.50, -601.65
0.32, -0.73, 0.63, 57.579, 63.530, -79.788, -313.08, 484.48, -683.46
0.14, -0.41, 0.58, 33.661, 25.482, -102.852, -260.02, 544.82, -748.22
0.37, -0.44, 0.94, 45.197, -69.511, -5.493, -157.42, 647.75, -799.36
0.50, -0.15, 0.57, -2.365, -2.563, -18.860, -56.60, 738.26, -780.61
0.62, -0.12, 0.71, -2.693, 18.661, -93.079, 3.54, 773.76, -780.61
0.55, -0.07, 0.73, 0.336, 68.810, -131.416, 3.54, 773.76, -780.61
0.40, 0.05, 0.76, 31.204, 2.136, -85.640, 118.51, 789.73, -812.99
0.43, 0.16, 0.77, 82.985, -3.242, -67.558, 228.18, 779.08, -819.81
0.47, 0.38, 0.74, 41.382, 12.840, -78.339, 339.61, 809.25, -797.65
0.34, 0.49, 0.72, 23.354, 11.223, -44.632, 454.58, 743.59, -806.17
0.27, 0.61, 0.72, 35.019, 11.673, -77.240, 520.03, 724.06, -807.88
0.16, 0.62, 0.68, 27.077, -6.310, -66.010, 520.03, 724.06, -807.88
0.17, 0.73, 0.64, 25.887, -12.016, -69.679, 596.09, 679.70, -789.13
0.04, 0.76, 0.65, -1.640, 4.189, -70.435, 666.84, 637.11, -761.86
0.01, 0.79, 0.65, -14.130, 8.072, -51.163, 703.99, 560.80, -749.93
-0.04, 0.81, 0.64, 15.106, 7.233, -67.673, 712.83, 502.23, -751.63
-0.33, 0.86, 0.58, -18.394, 22.171, -26.398, 741.13, 434.79, -744.82
-0.26, 0.90, 0.57, -5.272, 7.172, 66.315, 741.13, 434.79, -744.82
-0.04, 0.74, 0.63, -60.730, -15.457, 130.058, 739.36, 447.22, -763.56
0.08, 0.74, 0.71, 13.084, -9.148, 42.427, 650.92, 582.09, -801.06
0.08, 0.76, 0.64, 24.887, -8.232, 12.512, 635.00, 615.81, -789.13
0.12, 0.77, 0.64, -12.428, -6.462, -6.172, 629.70, 649.53, -773.79
0.14, 0.72, 0.67, -8.881, 0.992, 3.326, 636.77, 645.98, -777.20
0.17, 0.71, 0.65, -7.599, 3.288, 21.606, 636.77, 645.98, -777.20
0.27, 0.65, 0.62, 29.625, -32.890, 41.512, 594.32, 674.37, -777.20
0.38, 0.71, 0.54, 27.954, -35.034, 62.515, 581.94, 732.94, -734.59
0.39, 0.69, 0.60, 2.823, -34.081, 40.886, 567.79, 764.88, -700.50
0.45, 0.65, 0.52, -1.694, -5.363, -4.753, 546.56, 807.47, -666.41
0.41, 0.66, 0.47, 0.320, -4.486, 8.446, 557.18, 807.47, -666.41
0.48, 0.65, 0.46, 25.925, -5.478, 0.084, 557.18, 807.47, -666.41
0.50, 0.72, 0.40, 44.373, -8.514, -9.148, 535.95, 821.67, -645.96
0.43, 0.71, 0.39, 3.311, 12.146, 9.262, 562.48, 809.25, -603.35
0.44, 0.67, 0.41, -31.906, 39.177, 20.432, 576.63, 816.35, -613.58
0.42, 0.69, 0.49, -28.961, 51.361, -7.355, 546.56, 807.47, -676.64
0.46, 0.57, 0.62, -84.984, 40.482, -8.026, 489.96, 796.83, -734.59
0.41, 0.46, 0.70, -75.150, 12.009, 12.810, 489.96, 796.83, -734.59
0.37, 0.47, 0.70, 5.943, 3.868, -6.149, 413.90, 791.50, -811.29
0.41, 0.48, 0.71, -10.254, 9.056, 3.571, 431.59, 770.21, -807.88
0.40, 0.30, 0.77, -85.106, 48.271, -16.022, 410.36, 766.66, -814.70
0.23, 0.15, 0.84, -124.512, 70.580, 12.863, 307.77, 713.42, -886.28
0.08, -0.06, 0.95, -169.678, 70.419, 3.128, 134.43, 631.78, -964.68
0.02, -0.26, 0.98, -116.364, 57.274, -36.453, 134.43, 631.78, -964.68
-0.03, -0.31, 0.90, -76.759, 41.977, -35.172, 5.31, 559.02, -945.93
-0.07, -0.50, 0.81, -73.730, 64.545, 2.052, -72.52, 537.72, -939.12
-0.21, -0.59, 0.77, -70.137, 84.358, -4.639, -162.73, 461.41, -927.19
-0.28, -0.65, 0.62, -45.105, 11.688, -0.488, -210.49, 424.15, -853.90
-0.26, -0.75, 0.58, 24.742, -86.143, -6.531, -221.10, 417.05, -833.44
-0.11, -0.60, 0.79, 114.792, -21.149, -15.404, -221.10, 417.05, -833.44
-0.06, -0.52, 0.86, 47.745, -11.635, -17.654, -148.58, 461.41, -903.32
-0.19, -0.52, 0.87, -48.752, 41.374, -15.610, -77.83, 493.36, -954.46
-0.23, -0.59, 0.86, -95.390, 105.957, -0.145, -129.12, 402.85, -935.71
-0.44, -0.73, 0.73, -75.562, 96.016, 26.726, -226.41, 294.59, -855.60
-0.51, -0.81, 0.38, -92.300, 48.149, 0.633, -306.00, 182.79, -748.22
-0.70, -0.94, -0.06, -39.452, 97.466, -11.162, -306.00, 182.79, -748.22
-0.58, -0.98, 0.03, -54.611, -54.604, -162.033, -343.15, 156.17, -640.85
-0.68, -1.03, -0.18, -52.170, -23.895, 2.251, -366.14, 282.17, -485.75
-0.46, -1.05, -0.34, -95.612, -23.178, 33.539, -378.53, 248.45, -398.83
-0.57, -0.76, -0.54, -100.914, -75.592, 23.445, -343.15, 202.31, -238.61
-0.61, -0.64, -0.60, -90.958, -84.404, 44.365, -343.15, 202.31, -238.61
-0.69, -0.51, -0.53, 7.721, -26.100, 26.276, -275.93, 127.78, -132.94
-0.63, -0.58, -0.44, -51.231, 21.042, 7.851, -214.03, 40.82, -80.11
-0.65, -0.33, -0.58, -56.923, -3.288, 1.015, -175.11, 30.17, -49.43
-0.98, -0.37, -0.65, -79.521, 87.708, 27.946, -114.97, 44.37, 11.93
-0.61, -0.23, -0.76, -76.668, 171.066, 40.352, -21.23, 85.18, 109.08
-0.41, -0.12, -0.94, -52.208, -18.326, 28.816, -21.23, 85.18, 109.08
-0.65, 0.01, -0.99, -30.334, -27.550, 10.551, 72.52, 175.69, 165.33
-0.43, -0.03, -1.02, -35.706, 31.029, -29.053, 104.36, 126.00, 161.92
-0.36, 0.10, -1.02, -68.436, 98.198, 25.917, 155.66, 205.86, 211.34
-0.18, 0.23, -1.17, -47.485, 109.505, -4.417, 244.10, 347.83, 204.53
0.12, 0.37, -0.87, -100.151, 108.589, -16.022, 336.07, 539.50, 146.58
0.28, 0.61, -0.56, -87.616, 58.701, 3.372, 336.07, 539.50, 146.58
0.37, 0.72, -0.57, -126.320, 86.517, -2.426, 456.35, 667.28, 47.72
0.58, 0.67, -0.26, -75.340, 80.803, 8.636, 530.64, 716.97, -44.31
0.26, 0.81, -0.49, -50.926, 91.782, -34.866, 574.86, 782.63, -124.42
0.37, 0.66, -0.27, -104.553, 100.807, -45.944, 622.62, 773.76, -211.34
0.33, 0.86, 0.08, -96.458, 128.357, -32.684, 684.53, 732.94, -407.35
0.13, 0.83, 0.18, -146.805, 95.100, -27.382, 684.53, 732.94, -407.35
-0.00, 0.68, 0.51, -170.853, 67.978, -59.624, 695.14, 693.90, -577.79
-0.05, 0.61, 0.64, -93.307, 7.469, -44.769, 627.93, 587.42, -809.58
-0.12, 0.39, 0.95, -169.174, 85.205, -56.656, 541.26, 500.46, -920.37
-0.43, 0.12, 1.21, -177.628, 84.152, -47.325, 350.22, 393.98, -1043.08
-0.37, -0.07, 1.02, -138.412, 64.705, -28.236, 152.12, 294.59, -1053.31
-0.40, -0.28, 0.99, -160.744, 67.474, -18.280, 152.12, 294.59, -1053.31
-0.28, -0.38, 1.09, -136.665, 110.138, -23.949, 8.84, 211.19, -1000.47
-0.37, -0.49, 0.95, -156.631, 108.009, -21.935, -111.44, 143.75, -922.07
-0.42, -0.63, 0.63, -119.865, 104.828, 10.391, -201.64, 88.73, -811.29
-0.71, -0.70, 0.40, -85.777, 67.459, -12.215, -268.86, 17.75, -681.75
-0.87, -0.59, 0.13, -7.240, 28.145, -5.287, -307.77, -3.55, -582.90
-0.68, -0.70, 0.18, -104.820, 9.361, -43.381, -307.77, -3.55, -582.90
-0.63, -0.73, -0.33, -93.880, -63.995, -68.054, -346.69, 46.14, -504.50
-0.53, -0.73, -0.30, -108.452, -1.999, -10.750, -374.99, 149.07, -398.83
-0.74, -0.51, -0.43, -182.167, 11.848, -19.402, -344.92, 143.75, -250.54
-0.49, -0.50, -0.99, -114.304, 34.599, -71.373, -208.72, 202.31, -20.45
-0.22, -0.36, -0.85, -100.655, 116.844, 21.721, -88.44, 276.85, 88.63
-0.06, 0.03, -0.82, -94.582, 71.503, 61.317, -88.44, 276.85, 88.63
0.10, 0.03, -0.86, -44.472, 42.984, 62.225, 21.23, 379.78, 160.21
0.17, 0.04, -0.97, -11.185, 55.695, 31.914, 173.34, 479.16, 167.03
0.22, 0.24, -0.90, -35.355, 73.372, -33.463, 201.64, 539.50, 156.80
0.31, 0.19, -0.82, 22.614, 61.935, -26.299, 261.78, 617.58, 112.49
0.44, 0.31, -0.79, -36.339, 68.634, -29.243, 284.78, 672.60, 66.47
0.38, 0.51, -0.42, -183.907, 155.243, -161.636, 284.78, 672.60, 66.47
0.29, 0.74, -0.52, -123.703, 86.975, -67.513, 468.73, 771.98, -52.84
0.38, 0.80, -0.23, -112.289, 65.979, -15.305, 642.08, 747.14, -175.55
0.33, 0.88, 0.08, -98.480, 78.529, 8.636, 707.52, 741.81, -323.83
0.13, 0.91, 0.31, -77.385, 27.611, -22.003, 728.75, 720.52, -494.27
0.15, 0.77, 0.31, -118.301, 24.475, -25.009, 696.91, 685.02, -620.40
0.07, 0.79, 0.67, -125.084, 68.344, -43.007, 696.91, 685.02, -620.40
0.00, 0.69, 0.81, -87.631, 20.302, -28.610, 647.38, 603.39, -801.06
-0.01, 0.54, 0.96, -101.822, 91.835, -46.722, 567.79, 569.67, -898.21
-0.16, 0.37, 0.96, -95.093, 77.431, -5.783, 474.04, 475.61, -978.32
-0.29, 0.21, 0.97, -117.683, 20.470, -0.328, 339.61, 386.88, -1032.86
-0.30, 0.01, 0.97, -86.037, -36.156, 5.714, 201.64, 376.23, -1046.49
-0.27, -0.09, 1.00, -35.706, -52.361, 0.237, 201.64, 376.23, -1046.49
-0.28, -0.14, 1.02, -6.554, -24.269, 4.745, 118.51, 409.95, -1037.97
-0.18, -0.14, 1.06, 30.769, -19.333, 2.670, 104.36, 424.15, -1034.56
-0.27, -0.10, 0.96, 40.329, 20.699, 4.066, 137.97, 418.82, -1036.27
0.00, 0.08, 1.29, 87.868, -170.807, -2.663, 189.26, 413.50, -1031.15
-0.03, 0.10, 0.95, 43.266, 12.154, -26.474, 304.24, 599.84, -981.73
0.08, 0.32, 1.08, 88.509, -59.334, -14.778, 304.24, 599.84, -981.73
0.16, 0.49, 0.87, 99.785, -79.590, -21.484, 399.75, 603.39, -961.27
0.17, 0.64, 0.67, 84.061, -20.958, -17.365, 523.57, 674.37, -838.56
0.22, 0.71, 0.62, 76.958, -31.441, -16.693, 617.32, 704.54, -724.36
0.17, 0.61, 0.54, 73.318, -8.499, 27.611, 668.61, 709.87, -634.03
0.15, 0.99, 0.36, 127.922, -22.873, -62.729, 741.13, 672.60, -523.25
-0.04, 1.27, 0.10, 139.854, -8.423, 2.838, 741.13, 672.60, -523.25
0.19, 0.97, -0.24, 33.325, 9.521, 25.833, 794.20, 612.26, -322.13
0.27, 1.01, -0.26, 44.487, -17.960, 26.077, 755.28, 633.56, -264.18
0.32, 0.95, -0.37, 35.095, 27.832, 32.417, 714.60, 681.47, -190.89
0.37, 0.78, -0.37, 73.174, -39.841, 59.868, 631.47, 725.84, -158.51
0.44, 0.49, -0.70, 121.178, -219.749, 66.025, 528.87, 690.35, -1.70
0.17, 0.32, -1.08, 72.304, -95.818, 63.911, 528.87, 690.35, -1.70
0.24, 0.44, -0.84, 28.931, 4.242, 61.234, 406.83, 564.34, 153.39
0.24, 0.31, -1.07, 139.587, -40.871, 78.468, 298.93, 551.92, 151.69
0.20, -0.03, -1.02, 114.662, -14.542, 40.306, 146.81, 534.18, 141.46
0.24, -0.19, -0.92, 97.008, -98.541, 25.101, -1.77, 495.13, 121.01
-0.06, -0.52, -0.86, 83.588, -58.205, 10.536, -132.66, 356.71, 56.24
-0.18, -0.58, -0.87, 60.471, -34.431, 4.517, -132.66, 356.71, 56.24
-0.38, -0.57, -0.87, 86.052, -98.549, 4.959, -187.49, 312.34, 23.86
-0.40, -0.74, -0.58, 115.028, -26.482, 32.875, -260.02, 221.83, -73.29
-0.57, -1.11, -0.34, 96.748, 3.021, 76.080, -321.92, 173.92, -218.16
-0.57, -0.81, -0.16, 123.451, -71.236, 40.405, -364.38, 74.54, -398.83
-0.62, -0.80, 0.33, 136.642, -166.306, 38.368, -304.24, 67.44, -640.85
-0.44, -0.49, 0.76, 98.618, -88.127, 29.213, -304.24, 67.44, -640.85
-0.47, -0.56, 0.76, 39.131, -45.784, 46.165, -208.72, 163.27, -876.05
-0.46, -0.36, 0.74, 38.544, -54.016, 47.752, -114.97, 214.73, -945.93
-0.58, -0.32, 0.85, 64.880, -79.803, -4.639, -42.45, 266.20, -1002.18
-0.29, -0.24, 1.04, 32.448, -58.212, -17.548, 12.38, 338.96, -1034.56
-0.25, -0.21, 0.98, 62.439, -17.174, -22.865, 83.13, 420.60, -1031.15
-0.26, -0.10, 1.06, 43.434, -22.621, -6.432, 83.13, 420.60, -1031.15
-0.16, 0.05, 1.03, 55.229, -47.844, 1.259, 148.58, 429.47, -1043.08
-0.15, 0.12, 1.02, 64.842, -8.629, -9.163, 219.33, 475.61, -1032.86
-0.01, 0.25, 1.03, 66.582, -13.313, -11.887, 327.23, 502.23, -1007.29
0.02, 0.36, 0.72, 109.711, -83.755, 14.053, 454.58, 576.77, -939.12
-0.00, 0.59, 0.73, 161.438, -118.073, 66.978, 571.33, 644.20, -830.04
0.17, 0.75, 0.56, 63.416, -32.944, -1.221, 571.33, 644.20, -830.04
0.39, 0.72, 0.41, 37.155, -61.272, 10.124, 603.16, 764.88, -686.87
0.43, 0.73, 0.21, 44.746, -63.446, 15.129, 631.47, 771.98, -591.42
0.70, 0.76, 0.26, 58.594, -110.939, -8.728, 629.70, 798.60, -487.45
0.37, 0.72, -0.27, 82.001, -150.078, 17.532, 643.85, 773.76, -242.02
0.36, 0.85, -0.25, 88.196, 32.173, -38.933, 601.40, 724.06, -95.45
0.48, 0.78, -0.34, 65.796, -32.867, 21.378, 601.40, 724.06, -95.45
0.38, 0.63, -0.59, 63.255, -71.335, 20.950, 550.10, 700.99, -22.16
0.26, 0.56, -0.70, 54.253, -50.232, -11.833, 495.27, 642.43, 54.54
0.16, 0.41, -0.81, 75.264, -129.799, 6.638, 426.28, 573.22, 121.01
-0.01, 0.35, -0.85, 84.595, -85.922, 6.996, 351.99, 463.19, 196.00
-0.14, 0.13, -1.01, 118.217, -85.052, -18.639, 192.80, 338.96, 219.87
-0.20, -0.12, -1.07, 107.285, -7.378, 17.952, 192.80, 338.96, 219.87
-0.37, -0.24, -1.14, 66.315, -20.462, -37.460, 63.68, 305.24, 190.89
-0.36, -0.45, -0.94, 79.742, -64.926, -5.669, -28.30, 269.75, 115.90
-0.39, -0.44, -0.83, 74.554, -5.005, -50.232, -122.05, 207.64, 49.43
-0.28, -0.60, -0.56, 128.593, -36.102, -14.839, -203.41, 236.03, -11.93
-0.53, -0.68, -0.62, 79.048, -56.992, 20.523, -297.16, 198.76, -149.99
-0.49, -0.71, -0.54, 106.361, -89.851, 54.039, -297.16, 198.76, -149.99
-0.72, -0.64, -0.32, 117.851, -161.469, 65.300, -346.69, 156.17, -276.11
-0.85, -0.83, -0.22, 96.024, -46.165, -49.210, -348.46, 79.86, -472.11
-0.73, -0.91, 0.11, 53.772, 0.610, -9.521, -344.92, 133.10, -601.65
-0.61, -0.87, 0.27, 5.692, 6.523, 10.132, -330.77, 147.30, -639.14
-0.58, -0.80, 0.14, -43.938, 10.910, -8.919, -330.77, 147.30, -639.14
-0.54, -0.81, 0.05, -62.210, 83.046, -27.657, -351.99, 115.35, -591.42
-0.55, -0.83, -0.09, -129.646, 140.877, -27.451, -362.61, 140.20, -506.20
-0.45, -0.80, -0.44, -155.708, 188.042, -66.002, -355.53, 172.14, -318.72
-0.24, -0.68, -0.82, -145.523, 90.599, -40.779, -306.00, 267.97, -155.10
-0.12, -0.39, -0.96, -128.242, 74.463, -5.898, -187.49, 337.19, 17.04
0.07, -0.14, -0.88, -98.724, 86.044, -2.800, -30.07, 434.79, 124.42
0.16, -0.06, -0.95, -43.159, 48.813, -20.927, -30.07, 434.79, 124.42
0.25, 0.03, -0.93, -43.617, 44.968, -32.112, 40.68, 534.18, 114.19
0.43, -0.36, -0.55, -72.166, 15.274, -32.898, 120.28, 571.44, 112.49
0.26, 0.22, -0.87, -116.135, 63.187, -34.477, 247.63, 621.13, 105.67
0.34, 0.43, -0.71, -131.035, 28.305, -8.041, 383.83, 661.95, 69.88
0.43, 0.55, -0.62, -83.076, 50.247, 11.024, 383.83, 661.95, 69.88
0.54, 0.64, -0.38, -111.366, 92.690, 8.530, 495.27, 716.97, -27.27
0.42, 0.79, 0.09, -139.793, 248.833, -53.825, 553.64, 789.73, -158.51
0.44, 0.88, 0.49, -87.349, 47.981, -21.896, 606.70, 807.47, -523.25
0.24, 0.72, 0.56, -71.419, 50.987, -14.824, 603.16, 722.29, -724.36
0.08, 0.60, 0.68, -87.257, -1.503, -24.078, 541.26, 638.88, -852.19
0.17, 0.45, 0.88, -96.245, 101.799, -9.193, 541.26, 638.88, -852.19
0.01, 0.36, 0.98, -45.311, 114.800, 13.023, 459.89, 599.84, -940.82
-0.15, 0.30, 0.94, -47.173, 53.856, -19.920, 367.91, 496.91, -1005.59
-0.21, 0.16, 0.99, -30.670, 4.913, -31.532, 293.62, 433.02, -1036.27
-0.19, 0.13, 1.10, -50.133, 23.705, -54.138, 238.79, 402.85, -1051.61
-0.22, 0.09, 0.96, -15.007, 11.253, -16.884, 201.64, 418.82, -1046.49
-0.28, -0.06, 1.07, -25.543, 4.906, -16.220, 201.64, 418.82, -1046.49
-0.30, -0.08, 0.94, 34.355, 12.665, 27.061, 168.04, 381.55, -1048.20
-0.44, -0.10, 0.81, -26.077, 28.801, 23.911, 162.73, 397.53, -1046.49
-0.43, 0.09, 1.38, -52.010, 126.793, -12.817, 155.66, 287.50, -1056.72
-0.59, -0.18, 0.75, 33.035, -65.491, 4.898, 143.27, 246.68, -1055.01
-0.48, -0.07, 0.88, 18.814, -5.478, 2.693, 194.57, 322.99, -1060.13
-0.52, -0.01, 0.91, 21.660, -5.348, -2.213, 194.57, 322.99, -1060.13
-0.42, 0.02, 0.90, 13.535, -12.695, 0.290, 210.49, 331.86, -1065.24
-0.45, 0.00, 1.05, 2.533, -1.175, -0.778, 224.64, 317.67, -1051.61
-0.37, 0.06, 1.05, -11.292, 9.338, -7.523, 212.26, 315.89, -1070.35
-0.41, 0.05, 0.99, -3.540, 13.931, 0.008, 206.95, 328.31, -1051.61
-0.46, -0.01, 0.96, -5.486, -1.297, -0.038, 206.95, 317.67, -1058.42
-0.44, -0.01, 0.91, 9.117, -17.258, 4.234, 206.95, 317.67, -1058.42
-0.39, 0.00, 1.00, 9.773, -17.860, -0.633, 208.72, 333.64, -1070.35
-0.41, 0.05, 1.10, 2.602, -9.377, -7.637, 217.56, 331.86, -1051.61
-0.35, 0.01, 1.04, -0.725, 0.862, -3.876, 205.18, 330.09, -1056.72
-0.37, 0.01, 0.98, -4.303, 2.975, -2.220, 199.88, 335.41, -1061.83
-0.37, -0.01, 0.94, 11.070, -6.500, 2.846, 198.11, 326.54, -1056.72
-0.38, 0.01, 0.97, 3.204, -3.189, 0.160, 198.11, 326.54, -1056.72
-0.41, 0.01, 1.00, 4.242, -7.088, 0.267, 214.03, 338.96, -1061.83
-0.40, 0.05, 1.07, 0.580, 4.784, -0.687, 210.49, 346.06, -1048.20
-0.38, 0.04, 1.04, -3.250, 2.594, -3.967, 210.49, 346.06, -1051.61
-0.35, 0.03, 0.98, -6.073, 5.569, -1.175, 217.56, 356.71, -1061.83
-0.40, 0.02, 0.98, -2.129, 2.808, -2.686, 214.03, 356.71, -1058.42
-0.39, 0.00, 0.93, -6.241, -1.122, 6.958, 214.03, 356.71, -1058.42
-0.36, 0.00, 0.97, 1.434, 1.083, 10.551, 208.72, 340.74, -1060.13
-0.40, 0.01, 0.94, 10.506, -10.483, 10.017, 198.11, 337.19, -1063.54
-0.29, 0.06, 0.88, 8.759, -17.937, 14.946, 208.72, 340.74, -1060.13
-0.32, 0.01, 0.90, 6.538, -11.612, -9.186, 214.03, 356.71, -1048.20
-0.38, -0.00, 1.14, 0.427, -9.171, -0.420, 194.57, 351.38, -1056.72
-0.33, 0.06, 1.07, -2.457, 1.862, 5.074, 194.57, 351.38, -1056.72
-0.20, -0.03, 0.97, 4.333, -3.777, 15.656, 201.64, 362.03, -1056.72
-0.34, -0.00, 0.99, -2.930, -11.986, 2.342, 221.10, 370.91, -1048.20
-0.37, 0.01, 0.95, 1.991, -3.281, -0.290, 205.18, 390.43, -1056.72
-0.27, 0.02, 0.96, -1.152, -7.233, 3.647, 219.33, 383.33, -1043.08
-0.30, 0.02, 1.03, -2.586, -3.883, 3.456, 205.18, 393.98, -1060.13
-0.31, 0.02, 1.02, -4.791, -4.623, 0.679, 205.18, 393.98, -1060.13
-0.31, -0.01, 1.00, -0.587, -12.131, -2.052, 203.41, 395.75, -1065.24
-0.23, -0.00, 1.05, -2.319, -3.166, -3.288, 198.11, 397.53, -1049.90
-0.20, -0.01, 1.01, 0.938, -0.160, 2.373, 185.73, 417.05, -1048.20
-0.28, -0.04, 1.00, -3.220, 0.710, 2.518, 183.96, 404.62, -1053.31
-0.23, -0.03, 0.97, -7.401, 3.036, 0.526, 178.65, 402.85, -1037.97
-0.30, -0.07, 0.93, -2.792, 0.282, 1.884, 178.65, 402.85, -1037.97
-0.29, -0.04, 0.90, 8.965, -11.765, -0.259, 169.81, 415.27, -1049.90
-0.23, -0.02, 0.97, 5.676, -4.723, 1.350, 157.42, 406.40, -1048.20
-0.24, -0.03, 1.04, -5.676, 1.167, 1.320, 160.96, 420.60, -1055.01
-0.26, -0.03, 1.03, -5.638, 5.112, 0.816, 175.11, 402.85, -1044.79
-0.26, -0.04, 1.01, -10.017, 12.398, -0.816, 173.34, 408.17, -1043.08
-0.27, -0.05, 0.92, -13.275, 19.104, 6.561, 173.34, 408.17, -1043.08
-0.28, -0.07, 0.91, -5.577, 6.264, -4.112, 152.12, 386.88, -1032.86
-0.29, -0.07, 0.96, -3.990, 6.012, -4.784, 145.04, 390.43, -1049.90